'dc:71:44:72:3a:8a'	46.520394	6.568469	42.0	32
'dc:71:44:72:3a:8a'	46.520384	6.568669	42.0	33
'dc:71:44:72:3a:8a'	46.520305	6.56906	42.0	35
'dc:71:44:72:3a:8a'	46.520394	6.568469	42.0	30
'dc:71:44:72:3a:8a'	46.520384	6.568669	42.0	35
'dc:71:44:72:3a:8a'	46.520394	6.568469	42.0	34
'dc:71:44:72:3a:8a'	46.520384	6.568669	42.0	31
'dc:71:44:72:3a:8a'	46.520354	6.568866	42.0	34
'dc:71:44:72:3a:8a'	46.520394	6.568469	42.0	31
'dc:71:44:72:3a:8a'	46.520384	6.568669	42.0	36
'dc:71:44:72:3a:8a'	46.520354	6.568866	42.0	31
'dc:71:44:72:3a:8a'	46.520394	6.568469	42.0	34
'dc:71:44:72:3a:8a'	46.520384	6.568669	42.0	33
'dc:71:44:72:3a:8a'	46.520354	6.568866	42.0	34
'dc:71:44:72:3a:8a'	46.520354	6.568866	42.0	30
'dc:71:44:72:3a:8a'	46.520394	6.568469	42.0	33
'dc:71:44:72:3a:8a'	46.520384	6.568669	42.0	32
'dc:71:44:72:3a:8a'	46.520305	6.56906	42.0	34
'dc:71:44:72:3a:8a'	46.520305	6.56906	42.0	32
'dc:71:44:72:3a:8a'	46.520236	6.569248	42.0	32
'38:aa:3c:c3:07:82'	46.520236	6.569248	42.0	23
'dc:71:44:72:3a:8a'	46.520149	6.569428	42.0	33
'dc:71:44:72:3a:8a'	46.520354	6.568866	42.0	30
'dc:71:44:72:3a:88'	46.520354	6.568866	42.0	33
'dc:71:44:72:3a:88'	46.520354	6.568866	42.0	33
'dc:71:44:72:3a:8a'	46.520354	6.568866	42.0	29
'dc:71:44:72:3a:8a'	46.520354	6.568866	42.0	33
'dc:71:44:72:3a:8a'	46.520354	6.568866	42.0	29
'dc:71:44:72:3a:8a'	46.520354	6.568866	42.0	28
'dc:71:44:72:3a:8a'	46.520354	6.568866	42.0	31
'dc:71:44:72:3a:8a'	46.520354	6.568866	42.0	30
'dc:71:44:72:3a:8a'	46.520354	6.568866	42.0	32
'dc:71:44:72:3a:88'	46.520354	6.568866	42.0	32
'dc:71:44:72:3a:8a'	46.520354	6.568866	42.0	31
'dc:71:44:72:3a:8a'	46.520354	6.568866	42.0	33
'dc:71:44:72:3a:8a'	46.520354	6.568866	42.0	32
'dc:71:44:72:3a:8a'	46.520354	6.568866	42.0	36
'dc:71:44:72:3a:8a'	46.520354	6.568866	42.0	34
'dc:71:44:72:3a:8a'	46.520354	6.568866	42.0	35
'dc:71:44:72:3a:8a'	46.520354	6.568866	42.0	34
'dc:71:44:72:3a:8a'	46.520354	6.568866	42.0	34
'dc:71:44:72:3a:8a'	46.520354	6.568866	42.0	35
'dc:71:44:72:3a:8a'	46.520354	6.568866	42.0	33
'dc:71:44:72:3a:8a'	46.520354	6.568866	42.0	35
'dc:71:44:72:3a:8a'	46.520354	6.568866	42.0	33
'dc:71:44:72:3a:8a'	46.520354	6.568866	42.0	32
'dc:71:44:72:3a:8a'	46.520354	6.568866	42.0	33
'dc:71:44:72:3a:8a'	46.520354	6.568866	42.0	32
'dc:71:44:72:3a:8a'	46.520354	6.568866	42.0	36
'dc:71:44:72:3a:8a'	46.520354	6.568866	42.0	33
'dc:71:44:72:3a:8a'	46.520354	6.568866	42.0	34
'dc:71:44:72:3a:8a'	46.520354	6.568866	42.0	34
'dc:71:44:72:3a:8a'	46.520354	6.568866	42.0	34
'dc:71:44:72:3a:8a'	46.520354	6.568866	42.0	33
'dc:71:44:72:3a:8a'	46.520354	6.568866	42.0	31
'dc:71:44:72:3a:8a'	46.520354	6.568866	42.0	35
'dc:71:44:72:3a:8a'	46.520354	6.568866	42.0	33
'dc:71:44:72:3a:8a'	46.520354	6.568866	42.0	32
'a0:88:b4:76:72:a4'	46.520354	6.568866	42.0	65
'a0:88:b4:76:72:a4'	46.520354	6.568866	42.0	65
'dc:71:44:72:3a:8a'	46.520354	6.568866	42.0	33
'dc:71:44:72:3a:8a'	46.520354	6.568866	42.0	34
'dc:71:44:72:3a:8a'	46.520354	6.568866	42.0	34
'dc:71:44:72:3a:8a'	46.520354	6.568866	42.0	36
'dc:71:44:72:3a:8a'	46.520354	6.568866	42.0	34
'dc:71:44:72:3a:8a'	46.520354	6.568866	42.0	35
'dc:71:44:72:3a:8a'	46.520354	6.568866	42.0	34
'dc:71:44:72:3a:8a'	46.520354	6.568866	42.0	34
'dc:71:44:72:3a:8a'	46.520354	6.568866	42.0	15
'dc:71:44:72:3a:8a'	46.520354	6.568866	42.0	35
'dc:71:44:72:3a:8a'	46.520354	6.568866	42.0	28
'dc:71:44:72:3a:8a'	46.520354	6.568866	42.0	33
'dc:71:44:72:3a:88'	46.520354	6.568866	42.0	34
'dc:71:44:72:3a:8a'	46.520354	6.568866	42.0	33
'dc:71:44:72:3a:8a'	46.520354	6.568866	42.0	36
'dc:71:44:72:3a:8a'	46.520354	6.568866	42.0	29
'dc:71:44:72:3a:8a'	46.520354	6.568866	42.0	30
'dc:71:44:72:3a:8a'	46.520354	6.568866	42.0	33
'dc:71:44:72:3a:8a'	46.520354	6.568866	42.0	31
'dc:71:44:72:3a:8a'	46.520354	6.568866	42.0	33
'dc:71:44:72:3a:8a'	46.520354	6.568866	42.0	34
'dc:71:44:72:3a:8a'	46.520354	6.568866	42.0	32
'dc:71:44:72:3a:8a'	46.520354	6.568866	42.0	33
'dc:71:44:72:3a:8a'	46.520354	6.568866	42.0	32
'bc:52:b7:2e:65:53'	46.520354	6.568866	42.0	24
'bc:52:b7:2e:65:53'	46.520354	6.568866	42.0	24
'dc:71:44:72:3a:8a'	46.520354	6.568866	42.0	30
'dc:71:44:72:3a:8a'	46.520354	6.568866	42.0	33
'dc:71:44:72:3a:8a'	46.520354	6.568866	42.0	30
'dc:71:44:72:3a:8a'	46.520354	6.568866	42.0	30
'dc:71:44:72:3a:8a'	46.520354	6.568866	42.0	29
'dc:71:44:72:3a:8a'	46.520354	6.568866	42.0	27
'dc:71:44:72:3a:8a'	46.520354	6.568866	42.0	27
'dc:71:44:72:3a:8a'	46.520354	6.568866	42.0	32
'dc:71:44:72:3a:8a'	46.520354	6.568866	42.0	31
'dc:71:44:5e:c6:c9'	46.520354	6.568866	42.0	18
'dc:71:44:72:3a:8a'	46.520354	6.568866	42.0	30
'dc:71:44:72:3a:8a'	46.520354	6.568866	42.0	28
'dc:71:44:72:3a:8a'	46.520354	6.568866	42.0	31
'dc:71:44:72:3a:8a'	46.520354	6.568866	42.0	32
'dc:71:44:72:3a:8a'	46.520354	6.568866	42.0	31
'dc:71:44:72:3a:8a'	46.520354	6.568866	42.0	29
'dc:71:44:72:3a:8a'	46.520354	6.568866	42.0	32
'dc:71:44:72:3a:8a'	46.520354	6.568866	42.0	27
'dc:71:44:72:3a:8a'	46.520354	6.568866	42.0	31
'dc:71:44:72:3a:8a'	46.520354	6.568866	42.0	30
'dc:71:44:72:3a:8a'	46.520354	6.568866	42.0	29
'76:e9:e1:a4:09:d4'	46.520354	6.568866	42.0	19
'dc:71:44:72:3a:8a'	46.520354	6.568866	42.0	29
'dc:71:44:72:3a:8a'	46.520354	6.568866	42.0	29
'dc:71:44:72:3a:8a'	46.520354	6.568866	42.0	27
'dc:71:44:72:3a:8a'	46.520354	6.568866	42.0	30
'dc:71:44:72:3a:8a'	46.520354	6.568866	42.0	29
'dc:71:44:72:3a:8a'	46.520354	6.568866	42.0	30
'dc:71:44:72:3a:8a'	46.520354	6.568866	42.0	30
'dc:71:44:72:3a:8a'	46.520354	6.568866	42.0	27
'dc:71:44:72:3a:8a'	46.520354	6.568866	42.0	29
'dc:71:44:72:3a:8a'	46.520354	6.568866	42.0	29
'dc:71:44:72:3a:8a'	46.520354	6.568866	42.0	28
'dc:71:44:72:3a:88'	46.520354	6.568866	42.0	30
'dc:71:44:72:3a:88'	46.520354	6.568866	42.0	30
'dc:71:44:72:3a:8a'	46.520354	6.568866	42.0	27
'dc:71:44:72:3a:8a'	46.520354	6.568866	42.0	26
'dc:71:44:72:3a:8a'	46.520354	6.568866	42.0	27
'dc:71:44:72:3a:8a'	46.520354	6.568866	42.0	31
'dc:71:44:72:3a:8a'	46.520354	6.568866	42.0	31
'dc:71:44:72:3a:8a'	46.520354	6.568866	42.0	30
'dc:71:44:72:3a:8a'	46.520354	6.568866	42.0	31
'dc:71:44:72:3a:8a'	46.519503	6.566804	42.0	28
'dc:71:44:72:3a:8a'	46.520354	6.568866	42.0	28
'dc:71:44:72:3a:8a'	46.519663	6.566923	42.0	30
'dc:71:44:72:3a:8a'	46.520354	6.568866	42.0	30
'dc:71:44:72:3a:8a'	46.519811	6.567058	42.0	27
'dc:71:44:72:3a:8a'	46.520354	6.568866	42.0	27
'dc:71:44:72:3a:8a'	46.519945	6.567206	42.0	30
'dc:71:44:72:3a:8a'	46.520354	6.568866	42.0	30
'dc:71:44:72:3a:8a'	46.520394	6.568469	42.0	30
'dc:71:44:72:3a:8a'	46.520354	6.568866	42.0	30
'dc:71:44:72:3a:8a'	46.520384	6.568669	42.0	31
'dc:71:44:72:3a:8a'	46.520354	6.568866	42.0	31
'dc:71:44:72:3a:8a'	46.520305	6.56906	42.0	31
'dc:71:44:72:3a:8a'	46.520354	6.568866	42.0	31
'dc:71:44:72:3a:8a'	46.520236	6.569248	42.0	30
'dc:71:44:72:3a:8a'	46.520354	6.568866	42.0	30
'dc:71:44:72:3a:8a'	46.520149	6.569428	42.0	31
'dc:71:44:72:3a:8a'	46.520354	6.568866	42.0	31
'dc:71:44:72:3a:8a'	46.520045	6.569598	42.0	31
'dc:71:44:72:3a:8a'	46.520354	6.568866	42.0	31
'dc:71:44:72:3a:8a'	46.519924	6.569757	42.0	31
'dc:71:44:72:3a:8a'	46.520354	6.568866	42.0	31
'dc:71:44:72:3a:8a'	46.519637	6.570036	42.0	30
'dc:71:44:72:3a:8a'	46.520354	6.568866	42.0	30
'dc:71:44:72:3a:8a'	46.519475	6.570152	42.0	30
'dc:71:44:72:3a:8a'	46.520354	6.568866	42.0	30
'dc:71:44:72:3a:8a'	46.519301	6.570251	42.0	33
'dc:71:44:72:3a:8a'	46.520354	6.568866	42.0	33
'dc:71:44:72:3a:8a'	46.519119	6.570333	42.0	32
'dc:71:44:72:3a:8a'	46.520354	6.568866	42.0	32
'dc:71:44:72:3a:8a'	46.518929	6.570396	42.0	31
'dc:71:44:72:3a:8a'	46.520354	6.568866	42.0	31
'dc:71:44:72:3a:8a'	46.520354	6.568866	42.0	36
'dc:71:44:72:3a:8a'	46.518535	6.570464	42.0	36
'a0:88:b4:76:72:a4'	46.520354	6.568866	42.0	75
'a0:88:b4:76:72:a4'	46.518535	6.570464	42.0	75
'a0:88:b4:76:72:a4'	46.518535	6.570464	42.0	24
'a0:88:b4:76:72:a4'	46.520354	6.568866	42.0	24
'dc:71:44:72:3a:8a'	46.518136	6.570452	42.0	27
'dc:71:44:72:3a:8a'	46.520354	6.568866	42.0	27
'dc:71:44:72:3a:8a'	46.51794	6.570417	42.0	32
'dc:71:44:72:3a:8a'	46.520354	6.568866	42.0	32
'dc:71:44:72:3a:8a'	46.517747	6.570362	42.0	29
'dc:71:44:72:3a:8a'	46.520354	6.568866	42.0	29
'dc:71:44:72:3a:8a'	46.517384	6.570195	42.0	32
'dc:71:44:72:3a:8a'	46.520354	6.568866	42.0	32
'dc:71:44:72:3a:8a'	46.517217	6.570086	42.0	34
'dc:71:44:72:3a:8a'	46.520354	6.568866	42.0	34
'dc:71:44:72:3a:8a'	46.520354	6.568866	42.0	34
'dc:71:44:72:3a:8a'	46.517061	6.56996	42.0	34
'dc:71:44:72:3a:8a'	46.516919	6.56982	42.0	31
'dc:71:44:72:3a:8a'	46.520354	6.568866	42.0	31
'dc:71:44:72:3a:8a'	46.516792	6.569666	42.0	31
'dc:71:44:72:3a:8a'	46.520354	6.568866	42.0	31
'dc:71:44:72:3a:8a'	46.51668	6.5695	42.0	31
'dc:71:44:72:3a:8a'	46.520354	6.568866	42.0	31
'dc:71:44:72:3a:8a'	46.516586	6.569324	42.0	37
'dc:71:44:72:3a:8a'	46.520354	6.568866	42.0	37
'dc:71:44:72:3a:8a'	46.516414	6.568751	42.0	37
'dc:71:44:72:3a:8a'	46.520354	6.568866	42.0	37
'dc:71:44:72:3a:8a'	46.520354	6.568866	42.0	30
'dc:71:44:72:3a:8a'	46.51646	6.567958	42.0	30
'dc:71:44:72:3a:8a'	46.516521	6.567767	42.0	30
'dc:71:44:72:3a:8a'	46.520354	6.568866	42.0	30
'dc:71:44:72:3a:88'	46.516812	6.567245	42.0	35
'dc:71:44:72:3a:88'	46.520354	6.568866	42.0	35
'dc:71:44:72:3a:88'	46.516812	6.567245	42.0	30
'dc:71:44:72:3a:88'	46.520354	6.568866	42.0	30
'dc:71:44:72:3a:8a'	46.517413	6.566726	42.0	37
'dc:71:44:72:3a:8a'	46.520354	6.568866	42.0	37
'dc:71:44:72:3a:8a'	46.517779	6.566566	42.0	38
'dc:71:44:72:3a:8a'	46.520354	6.568866	42.0	38
'dc:71:44:72:3a:8a'	46.517972	6.566514	42.0	37
'dc:71:44:72:3a:8a'	46.520354	6.568866	42.0	37
'dc:71:44:72:3a:8a'	46.518369	6.566469	42.0	36
'dc:71:44:72:3a:8a'	46.520354	6.568866	42.0	36
'dc:71:44:72:3a:8a'	46.518569	6.566477	42.0	37
'dc:71:44:72:3a:8a'	46.520354	6.568866	42.0	37
'dc:71:44:72:3a:8a'	46.518767	6.566504	42.0	19
'dc:71:44:72:3a:8a'	46.520354	6.568866	42.0	19
'dc:71:44:72:3a:8a'	46.51915	6.566617	42.0	33
'dc:71:44:72:3a:8a'	46.520354	6.568866	42.0	33
'dc:71:44:72:3a:8a'	46.519663	6.566923	42.0	35
'dc:71:44:72:3a:8a'	46.520354	6.568866	42.0	35
'dc:71:44:72:3a:8a'	46.519811	6.567058	42.0	32
'dc:71:44:72:3a:8a'	46.520354	6.568866	42.0	32
'dc:71:44:72:3a:8a'	46.519945	6.567206	42.0	32
'dc:71:44:72:3a:8a'	46.520354	6.568866	42.0	32
'dc:71:44:72:3a:8a'	46.520354	6.568866	42.0	31
'dc:71:44:72:3a:8a'	46.520354	6.568866	42.0	31
'dc:71:44:72:3a:8a'	46.520305	6.56906	42.0	31
'dc:71:44:72:3a:8a'	46.520354	6.568866	42.0	31
'dc:71:44:72:3a:8a'	46.520354	6.568866	42.0	32
'dc:71:44:72:3a:8a'	46.520236	6.569248	42.0	32
'dc:71:44:72:3a:8a'	46.520045	6.569598	42.0	32
'dc:71:44:72:3a:8a'	46.520354	6.568866	42.0	32
'dc:71:44:72:3a:8a'	46.520354	6.568866	42.0	33
'dc:71:44:72:3a:8a'	46.519924	6.569757	42.0	33
'dc:71:44:72:3a:8a'	46.519787	6.569904	42.0	32
'dc:71:44:72:3a:8a'	46.520354	6.568866	42.0	32
'dc:71:44:72:3a:8a'	46.519637	6.570036	42.0	33
'dc:71:44:72:3a:8a'	46.520354	6.568866	42.0	33
'dc:71:44:72:3a:8a'	46.520354	6.568866	42.0	31
'dc:71:44:72:3a:8a'	46.520354	6.568866	42.0	33
'dc:71:44:72:3a:8a'	46.520354	6.568866	42.0	30
'dc:71:44:72:3a:8a'	46.520354	6.568866	42.0	28
'dc:71:44:72:3a:8a'	46.520354	6.568866	42.0	30
'dc:71:44:72:3a:8a'	46.520354	6.568866	42.0	32
'dc:71:44:72:3a:8a'	46.520354	6.568866	42.0	31
'dc:71:44:72:3a:8a'	46.520354	6.568866	42.0	33
'dc:71:44:72:3a:8a'	46.520354	6.568866	42.0	31
'dc:71:44:72:3a:8a'	46.520354	6.568866	42.0	31
'dc:71:44:72:3a:8a'	46.520354	6.568866	42.0	29
'dc:71:44:72:3a:8a'	46.520354	6.568866	42.0	30
'dc:71:44:72:3a:8a'	46.520354	6.568866	42.0	29
'dc:71:44:72:3a:8a'	46.520354	6.568866	42.0	32
'dc:71:44:72:3a:8a'	46.520354	6.568866	42.0	30
'dc:71:44:72:3a:8a'	46.520354	6.568866	42.0	27
'dc:71:44:72:3a:8a'	46.520354	6.568866	42.0	31
'dc:71:44:72:3a:8a'	46.520354	6.568866	42.0	25
'dc:71:44:72:3a:8a'	46.520354	6.568866	42.0	31
'dc:71:44:72:3a:8a'	46.520354	6.568866	42.0	32
'dc:71:44:72:3a:8a'	46.520354	6.568866	42.0	29
'dc:71:44:72:3a:8a'	46.520354	6.568866	42.0	31
'dc:71:44:72:3a:8a'	46.520354	6.568866	42.0	29
'dc:71:44:72:3a:8a'	46.519301	6.570251	42.0	31
'dc:71:44:72:3a:8a'	46.519301	6.570251	42.0	33
'dc:71:44:72:3a:8a'	46.519301	6.570251	42.0	30
'dc:71:44:72:3a:8a'	46.519301	6.570251	42.0	28
'dc:71:44:72:3a:8a'	46.519301	6.570251	42.0	30
'dc:71:44:72:3a:8a'	46.519301	6.570251	42.0	32
'dc:71:44:72:3a:8a'	46.519301	6.570251	42.0	31
'dc:71:44:72:3a:8a'	46.519301	6.570251	42.0	33
'dc:71:44:72:3a:8a'	46.519301	6.570251	42.0	31
'dc:71:44:72:3a:8a'	46.519301	6.570251	42.0	31
'dc:71:44:72:3a:8a'	46.520354	6.568866	42.0	27
'dc:71:44:72:3a:8a'	46.519301	6.570251	42.0	27
'dc:71:44:72:3a:8a'	46.519301	6.570251	42.0	31
'dc:71:44:72:3a:8a'	46.520354	6.568866	42.0	31
'dc:71:44:72:3a:8a'	46.520354	6.568866	42.0	33
'dc:71:44:72:3a:8a'	46.519301	6.570251	42.0	33
'dc:71:44:72:3a:8a'	46.519301	6.570251	42.0	28
'dc:71:44:72:3a:8a'	46.520354	6.568866	42.0	28
'dc:71:44:72:3a:8a'	46.519301	6.570251	42.0	30
'dc:71:44:72:3a:8a'	46.520354	6.568866	42.0	30
'dc:71:44:72:3a:8a'	46.519301	6.570251	42.0	31
'dc:71:44:72:3a:8a'	46.520354	6.568866	42.0	31
'dc:71:44:72:3a:8a'	46.519301	6.570251	42.0	31
'dc:71:44:72:3a:8a'	46.520354	6.568866	42.0	31
'dc:71:44:72:3a:8a'	46.519301	6.570251	42.0	30
'dc:71:44:72:3a:8a'	46.520354	6.568866	42.0	30
'dc:71:44:72:3a:8a'	46.519301	6.570251	42.0	32
'dc:71:44:72:3a:8a'	46.520354	6.568866	42.0	32
'dc:71:44:72:3a:8a'	46.519301	6.570251	42.0	31
'dc:71:44:72:3a:8a'	46.520354	6.568866	42.0	31
'dc:71:44:72:3a:8a'	46.519301	6.570251	42.0	30
'dc:71:44:72:3a:8a'	46.520354	6.568866	42.0	30
'dc:71:44:72:3a:8a'	46.519301	6.570251	42.0	30
'dc:71:44:72:3a:8a'	46.520354	6.568866	42.0	30
'dc:71:44:72:3a:8a'	46.519301	6.570251	42.0	35
'dc:71:44:72:3a:8a'	46.520354	6.568866	42.0	35
'dc:71:44:72:3a:8a'	46.519301	6.570251	42.0	34
'dc:71:44:72:3a:8a'	46.520354	6.568866	42.0	34
'dc:71:44:72:3a:8a'	46.519301	6.570251	42.0	29
'dc:71:44:72:3a:8a'	46.520354	6.568866	42.0	29
'dc:71:44:72:3a:8a'	46.519301	6.570251	42.0	33
'dc:71:44:72:3a:8a'	46.520354	6.568866	42.0	33
'dc:71:44:72:3a:8a'	46.519301	6.570251	42.0	29
'dc:71:44:72:3a:8a'	46.520354	6.568866	42.0	29
'dc:71:44:72:3a:8a'	46.520354	6.568866	42.0	34
'dc:71:44:72:3a:8a'	46.519301	6.570251	42.0	34
'a0:88:b4:76:72:a4'	46.520354	6.568866	42.0	69
'a0:88:b4:76:72:a4'	46.519301	6.570251	42.0	69
'a0:88:b4:76:72:a4'	46.520354	6.568866	42.0	27
'a0:88:b4:76:72:a4'	46.519301	6.570251	42.0	27
'a0:88:b4:76:72:a4'	46.520354	6.568866	42.0	24
'a0:88:b4:76:72:a4'	46.519301	6.570251	42.0	24
'38:aa:3c:c3:07:82'	46.519301	6.570251	42.0	25
'38:aa:3c:c3:07:82'	46.520354	6.568866	42.0	25
'dc:71:44:72:3a:8a'	46.519301	6.570251	42.0	30
'dc:71:44:72:3a:8a'	46.520354	6.568866	42.0	30
'dc:71:44:72:3a:8a'	46.520354	6.568866	42.0	32
'dc:71:44:72:3a:8a'	46.520354	6.568866	42.0	34
'dc:71:44:72:3a:8a'	46.520354	6.568866	42.0	33
'dc:71:44:72:3a:8a'	46.520354	6.568866	42.0	30
'dc:71:44:72:3a:8a'	46.520354	6.568866	42.0	30
'dc:71:44:72:3a:8a'	46.520354	6.568866	42.0	33
'dc:71:44:72:3a:8a'	46.520354	6.568866	42.0	31
'dc:71:44:72:3a:8a'	46.520354	6.568866	42.0	32
'dc:71:44:72:3a:8a'	46.520354	6.568866	42.0	31
'dc:71:44:72:3a:8a'	46.520354	6.568866	42.0	34
'dc:71:44:72:3a:8a'	46.520354	6.568866	42.0	34
'dc:71:44:72:3a:8a'	46.520354	6.568866	42.0	30
'dc:71:44:72:3a:8a'	46.520354	6.568866	42.0	30
'dc:71:44:72:3a:8a'	46.520354	6.568866	42.0	32
'dc:71:44:72:3a:8a'	46.520354	6.568866	42.0	31
'dc:71:44:72:3a:8a'	46.520354	6.568866	42.0	29
'dc:71:44:72:3a:8a'	46.520354	6.568866	42.0	33
'dc:71:44:72:3a:8a'	46.520354	6.568866	42.0	31
'dc:71:44:72:3a:8a'	46.520354	6.568866	42.0	32
'dc:71:44:72:3a:8a'	46.520354	6.568866	42.0	34
'dc:71:44:72:3a:8a'	46.520354	6.568866	42.0	30
'bc:52:b7:2e:65:53'	46.520354	6.568866	42.0	21
'bc:52:b7:2e:65:53'	46.520354	6.568866	42.0	20
'dc:71:44:72:3a:8a'	46.520354	6.568866	42.0	34
'dc:71:44:72:3a:8a'	46.520354	6.568866	42.0	31
'dc:71:44:72:3a:8a'	46.520354	6.568866	42.0	32
'dc:71:44:72:3a:8a'	46.519301	6.570251	42.0	32
'dc:71:44:72:3a:8a'	46.519301	6.570251	42.0	34
'dc:71:44:72:3a:8a'	46.519301	6.570251	42.0	33
'dc:71:44:72:3a:8a'	46.519301	6.570251	42.0	30
'dc:71:44:72:3a:8a'	46.519301	6.570251	42.0	30
'dc:71:44:72:3a:8a'	46.519301	6.570251	42.0	33
'dc:71:44:72:3a:8a'	46.519301	6.570251	42.0	31
'dc:71:44:72:3a:8a'	46.519301	6.570251	42.0	32
'dc:71:44:72:3a:8a'	46.519301	6.570251	42.0	31
'dc:71:44:72:3a:8a'	46.519301	6.570251	42.0	34
'dc:71:44:72:3a:8a'	46.519301	6.570251	42.0	34
'dc:71:44:72:3a:8a'	46.519301	6.570251	42.0	29
'dc:71:44:72:3a:8a'	46.520354	6.568866	42.0	29
'dc:71:44:72:3a:8a'	46.520354	6.568866	42.0	32
'dc:71:44:72:3a:8a'	46.519301	6.570251	42.0	32
'dc:71:44:72:3a:8a'	46.520354	6.568866	42.0	33
'dc:71:44:72:3a:8a'	46.519301	6.570251	42.0	33
'dc:71:44:72:3a:8a'	46.519301	6.570251	42.0	31
'dc:71:44:72:3a:8a'	46.520354	6.568866	42.0	31
'dc:71:44:72:3a:8a'	46.519301	6.570251	42.0	32
'dc:71:44:72:3a:8a'	46.520354	6.568866	42.0	32
'dc:71:44:72:3a:8a'	46.519301	6.570251	42.0	31
'dc:71:44:72:3a:8a'	46.520354	6.568866	42.0	31
'dc:71:44:72:3a:8a'	46.520354	6.568866	42.0	31
'dc:71:44:72:3a:8a'	46.520354	6.568866	42.0	33
'dc:71:44:72:3a:8a'	46.520354	6.568866	42.0	35
'dc:71:44:72:3a:8a'	46.520354	6.568866	42.0	36
'dc:71:44:72:3a:8a'	46.520354	6.568866	42.0	29
'dc:71:44:72:3a:8a'	46.520354	6.568866	42.0	33
'dc:71:44:72:3a:8a'	46.520354	6.568866	42.0	32
'dc:71:44:72:3a:8a'	46.520354	6.568866	42.0	32
'dc:71:44:72:3a:8a'	46.520354	6.568866	42.0	34
'dc:71:44:72:3a:8a'	46.520354	6.568866	42.0	30
'dc:71:44:72:3a:8a'	46.520354	6.568866	42.0	30
'dc:71:44:72:3a:8a'	46.520354	6.568866	42.0	31
'dc:71:44:72:3a:8a'	46.520354	6.568866	42.0	32
'dc:71:44:72:3a:8a'	46.520354	6.568866	42.0	33
'dc:71:44:72:3a:8a'	46.520354	6.568866	42.0	33
'dc:71:44:72:3a:8a'	46.520354	6.568866	42.0	35
'dc:71:44:72:3a:8a'	46.520354	6.568866	42.0	33
'dc:71:44:72:3a:8a'	46.520354	6.568866	42.0	29
'dc:71:44:72:3a:8a'	46.520354	6.568866	42.0	31
'dc:71:44:72:3a:8a'	46.520354	6.568866	42.0	33
'dc:71:44:72:3a:8a'	46.520354	6.568866	42.0	32
'dc:71:44:72:3a:8a'	46.520354	6.568866	42.0	31
'dc:71:44:72:3a:8a'	46.520354	6.568866	42.0	29
'dc:71:44:72:3a:8a'	46.520354	6.568866	42.0	33
'dc:71:44:72:3a:8a'	46.520354	6.568866	42.0	32
'dc:71:44:72:3a:8a'	46.520354	6.568866	42.0	30
'dc:71:44:72:3a:8a'	46.520354	6.568866	42.0	29
'dc:71:44:72:3a:8a'	46.520354	6.568866	42.0	31
'dc:71:44:72:3a:8a'	46.520354	6.568866	42.0	31
'dc:71:44:72:3a:8a'	46.520354	6.568866	42.0	31
'dc:71:44:72:3a:8a'	46.520354	6.568866	42.0	31
'dc:71:44:72:3a:8a'	46.520354	6.568866	42.0	33
'dc:71:44:72:3a:8a'	46.519301	6.570251	42.0	31
'dc:71:44:72:3a:8a'	46.519301	6.570251	42.0	33
'dc:71:44:72:3a:8a'	46.519301	6.570251	42.0	35
'dc:71:44:72:3a:8a'	46.519301	6.570251	42.0	36
'dc:71:44:72:3a:8a'	46.520354	6.568866	42.0	31
'dc:71:44:72:3a:8a'	46.519301	6.570251	42.0	29
'dc:71:44:72:3a:8a'	46.519301	6.570251	42.0	33
'dc:71:44:72:3a:8a'	46.519301	6.570251	42.0	32
'dc:71:44:72:3a:8a'	46.519301	6.570251	42.0	32
'dc:71:44:72:3a:8a'	46.519301	6.570251	42.0	34
'dc:71:44:72:3a:8a'	46.519301	6.570251	42.0	31
'dc:71:44:72:3a:8a'	46.519301	6.570251	42.0	32
'dc:71:44:72:3a:8a'	46.520354	6.568866	42.0	32
'dc:71:44:72:3a:8a'	46.519301	6.570251	42.0	33
'dc:71:44:72:3a:8a'	46.520354	6.568866	42.0	33
'dc:71:44:72:3a:8a'	46.519301	6.570251	42.0	29
'dc:71:44:72:3a:8a'	46.520354	6.568866	42.0	29
'dc:71:44:72:3a:8a'	46.519301	6.570251	42.0	32
'dc:71:44:72:3a:8a'	46.520354	6.568866	42.0	32
'dc:71:44:72:3a:8a'	46.520354	6.568866	42.0	33
'dc:71:44:72:3a:8a'	46.519301	6.570251	42.0	33
'dc:71:44:72:3a:8a'	46.520354	6.568866	42.0	33
'dc:71:44:72:3a:8a'	46.519301	6.570251	42.0	33
'dc:71:44:72:3a:8a'	46.520354	6.568866	42.0	32
'dc:71:44:72:3a:8a'	46.519301	6.570251	42.0	32
'dc:71:44:72:3a:88'	46.519301	6.570251	42.0	32
'dc:71:44:72:3a:88'	46.520354	6.568866	42.0	32
'dc:71:44:72:3a:88'	46.519301	6.570251	42.0	28
'dc:71:44:72:3a:88'	46.520354	6.568866	42.0	28
'dc:71:44:72:3a:8a'	46.519301	6.570251	42.0	32
'dc:71:44:72:3a:8a'	46.520354	6.568866	42.0	32
'dc:71:44:72:3a:8a'	46.519301	6.570251	42.0	30
'dc:71:44:72:3a:8a'	46.520354	6.568866	42.0	30
'dc:71:44:72:3a:8a'	46.520354	6.568866	42.0	34
'dc:71:44:72:3a:8a'	46.519301	6.570251	42.0	34
'dc:71:44:72:3a:8a'	46.520354	6.568866	42.0	33
'dc:71:44:72:3a:8a'	46.519301	6.570251	42.0	33
'dc:71:44:72:3a:8a'	46.520354	6.568866	42.0	32
'dc:71:44:72:3a:8a'	46.519301	6.570251	42.0	32
'dc:71:44:72:3a:8a'	46.519301	6.570251	42.0	33
'dc:71:44:72:3a:8a'	46.520354	6.568866	42.0	33
'dc:71:44:72:3a:8a'	46.520354	6.568866	42.0	29
'dc:71:44:72:3a:8a'	46.519301	6.570251	42.0	29
'dc:71:44:72:3a:8a'	46.520354	6.568866	42.0	31
'dc:71:44:72:3a:8a'	46.519301	6.570251	42.0	31
'dc:71:44:72:3a:8a'	46.519301	6.570251	42.0	32
'dc:71:44:72:3a:8a'	46.520354	6.568866	42.0	32
'dc:71:44:72:3a:8a'	46.520354	6.568866	42.0	29
'dc:71:44:72:3a:8a'	46.520354	6.568866	42.0	33
'a0:88:b4:76:72:a4'	46.520354	6.568866	42.0	73
'dc:71:44:72:3a:8a'	46.520354	6.568866	42.0	31
'dc:71:44:72:3a:8a'	46.520354	6.568866	42.0	31
'dc:71:44:72:3a:8a'	46.520354	6.568866	42.0	34
'dc:71:44:72:3a:8a'	46.520354	6.568866	42.0	34
'dc:71:44:72:3a:8a'	46.520354	6.568866	42.0	32
'dc:71:44:72:3a:8a'	46.520354	6.568866	42.0	33
'dc:71:44:72:3a:8a'	46.520354	6.568866	42.0	31
'dc:71:44:72:3a:8a'	46.520354	6.568866	42.0	32
'dc:71:44:72:3a:8a'	46.520354	6.568866	42.0	30
'dc:71:44:72:3a:8a'	46.520354	6.568866	42.0	33
'dc:71:44:72:3a:8a'	46.520354	6.568866	42.0	34
'dc:71:44:72:3a:8a'	46.520354	6.568866	42.0	33
'dc:71:44:72:3a:8a'	46.520354	6.568866	42.0	31
'dc:71:44:72:3a:8a'	46.520354	6.568866	42.0	34
'dc:71:44:72:3a:8a'	46.520354	6.568866	42.0	36
'dc:71:44:72:3a:8a'	46.520354	6.568866	42.0	37
'dc:71:44:72:3a:8a'	46.520354	6.568866	42.0	36
'dc:71:44:72:3a:8a'	46.520354	6.568866	42.0	32
'dc:71:44:72:3a:8a'	46.520354	6.568866	42.0	36
'dc:71:44:72:3a:8a'	46.520354	6.568866	42.0	34
'dc:71:44:72:3a:8a'	46.520354	6.568866	42.0	34
'dc:71:44:72:3a:8a'	46.520354	6.568866	42.0	33
'dc:71:44:72:3a:8a'	46.520354	6.568866	42.0	28
'dc:71:44:72:3a:8a'	46.520354	6.568866	42.0	32
'dc:71:44:72:3a:8a'	46.520354	6.568866	42.0	30
'dc:71:44:72:3a:8a'	46.520354	6.568866	42.0	33
'dc:71:44:72:3a:8a'	46.520354	6.568866	42.0	32
'dc:71:44:72:3a:88'	46.520354	6.568866	42.0	33
'dc:71:44:72:3a:88'	46.520354	6.568866	42.0	27
'dc:71:44:72:3a:8a'	46.520354	6.568866	42.0	34
'dc:71:44:72:3a:8a'	46.520354	6.568866	42.0	30
'dc:71:44:72:3a:8a'	46.520354	6.568866	42.0	28
'dc:71:44:72:3a:8a'	46.520354	6.568866	42.0	30
'dc:71:44:72:3a:8a'	46.520354	6.568866	42.0	32
'dc:71:44:72:3a:8a'	46.520354	6.568866	42.0	32
'dc:71:44:72:3a:8a'	46.520354	6.568866	42.0	33
'dc:71:44:72:3a:8a'	46.520354	6.568866	42.0	27
'dc:71:44:72:3a:8a'	46.520354	6.568866	42.0	32
'dc:71:44:72:3a:8a'	46.520354	6.568866	42.0	33
'dc:71:44:72:3a:8a'	46.520354	6.568866	42.0	33
'dc:71:44:72:3a:8a'	46.520354	6.568866	42.0	30
'dc:71:44:72:3a:8a'	46.520354	6.568866	42.0	34
'dc:71:44:72:3a:8a'	46.520354	6.568866	42.0	34
'dc:71:44:72:3a:8a'	46.520354	6.568866	42.0	33
'dc:71:44:72:3a:8a'	46.520354	6.568866	42.0	33
'dc:71:44:72:3a:8a'	46.520354	6.568866	42.0	34
'dc:71:44:72:3a:8a'	46.520354	6.568866	42.0	30
'dc:71:44:72:3a:8a'	46.520354	6.568866	42.0	29
'dc:71:44:72:3a:8a'	46.520354	6.568866	42.0	33
'dc:71:44:72:3a:8a'	46.520354	6.568866	42.0	33
'dc:71:44:72:3a:8a'	46.520354	6.568866	42.0	32
'dc:71:44:72:3a:8a'	46.520354	6.568866	42.0	33
'dc:71:44:72:3a:8a'	46.520354	6.568866	42.0	34
'dc:71:44:72:3a:8a'	46.520354	6.568866	42.0	36
'dc:71:44:72:3a:8a'	46.520354	6.568866	42.0	35
'dc:71:44:72:3a:8a'	46.520354	6.568866	42.0	35
'dc:71:44:72:3a:8a'	46.520354	6.568866	42.0	36
'dc:71:44:72:3a:8a'	46.520354	6.568866	42.0	36
'dc:71:44:72:3a:8a'	46.520354	6.568866	42.0	37
'dc:71:44:72:3a:8a'	46.520354	6.568866	42.0	36
'dc:71:44:72:3a:8a'	46.520354	6.568866	42.0	34
'dc:71:44:72:3a:8a'	46.520354	6.568866	42.0	36
'60:21:c0:51:f9:08'	46.520354	6.568866	42.0	23
'60:21:c0:51:f9:08'	46.520354	6.568866	42.0	21
'dc:71:44:72:3a:8a'	46.520354	6.568866	42.0	33
'dc:71:44:72:3a:8a'	46.520354	6.568866	42.0	30
'dc:71:44:72:3a:8a'	46.520354	6.568866	42.0	36
'dc:71:44:72:3a:8a'	46.520354	6.568866	42.0	33
'dc:71:44:72:3a:8a'	46.520354	6.568866	42.0	36
'dc:71:44:72:3a:8a'	46.520354	6.568866	42.0	36
'dc:71:44:72:3a:8a'	46.520354	6.568866	42.0	36
'dc:71:44:72:3a:88'	46.520354	6.568866	42.0	32
'dc:71:44:72:3a:88'	46.520354	6.568866	42.0	32
'dc:71:44:72:3a:8a'	46.520354	6.568866	42.0	33
'dc:71:44:72:3a:8a'	46.520354	6.568866	42.0	31
'dc:71:44:72:3a:8a'	46.520354	6.568866	42.0	33
'dc:71:44:72:3a:8a'	46.520354	6.568866	42.0	35
'dc:71:44:72:3a:8a'	46.520354	6.568866	42.0	32
'dc:71:44:72:3a:8a'	46.520354	6.568866	42.0	32
'dc:71:44:72:3a:8a'	46.520354	6.568866	42.0	34
'dc:71:44:72:3a:8a'	46.520354	6.568866	42.0	34
'dc:71:44:72:3a:8a'	46.520354	6.568866	42.0	35
'dc:71:44:72:3a:8a'	46.520354	6.568866	42.0	34
'dc:71:44:72:3a:8a'	46.520354	6.568866	42.0	30
'dc:71:44:72:3a:8a'	46.520354	6.568866	42.0	33
'dc:71:44:72:3a:8a'	46.520354	6.568866	42.0	29
'dc:71:44:72:3a:8a'	46.520354	6.568866	42.0	33
'dc:71:44:72:3a:8a'	46.520354	6.568866	42.0	30
'dc:71:44:72:3a:8a'	46.520354	6.568866	42.0	33
'dc:71:44:72:3a:8a'	46.520354	6.568866	42.0	32
'dc:71:44:72:3a:8a'	46.520354	6.568866	42.0	31
'dc:71:44:72:3a:8a'	46.520354	6.568866	42.0	33
'dc:71:44:72:3a:8a'	46.520354	6.568866	42.0	30
'dc:71:44:72:3a:8a'	46.520354	6.568866	42.0	30
'dc:71:44:72:3a:8a'	46.520354	6.568866	42.0	33
'dc:71:44:72:3a:8a'	46.520354	6.568866	42.0	34
'dc:71:44:72:3a:8a'	46.520354	6.568866	42.0	32
'dc:71:44:72:3a:8a'	46.520354	6.568866	42.0	29
'dc:71:44:72:3a:8a'	46.520354	6.568866	42.0	30
'a8:31:c4:54:49:ab'	46.520354	6.568866	42.0	27
'dc:71:44:72:3a:8a'	46.520354	6.568866	42.0	35
'dc:71:44:72:3a:8a'	46.520354	6.568866	42.0	33
'dc:71:44:72:3a:8a'	46.520354	6.568866	42.0	33
'dc:71:44:72:3a:8a'	46.520354	6.568866	42.0	28
'dc:71:44:72:3a:8a'	46.520354	6.568866	42.0	30
'dc:71:44:72:3a:8a'	46.520354	6.568866	42.0	33
'dc:71:44:72:3a:8a'	46.520354	6.568866	42.0	30
'dc:71:44:72:3a:8a'	46.520354	6.568866	42.0	29
'dc:71:44:72:3a:8a'	46.520354	6.568866	42.0	28
'dc:71:44:72:3a:8a'	46.520354	6.568866	42.0	32
'dc:71:44:72:3a:8a'	46.520354	6.568866	42.0	34
'dc:71:44:72:3a:8a'	46.520354	6.568866	42.0	35
'dc:71:44:72:3a:8a'	46.520354	6.568866	42.0	32
'dc:71:44:72:3a:8a'	46.520354	6.568866	42.0	30
'38:aa:3c:c3:07:82'	46.520354	6.568866	42.0	26
'38:aa:3c:c3:07:82'	46.520354	6.568866	42.0	26
'dc:71:44:72:3a:88'	46.520354	6.568866	42.0	33
'dc:71:44:72:3a:88'	46.520354	6.568866	42.0	28
'dc:71:44:72:3a:8a'	46.520354	6.568866	42.0	32
'dc:71:44:72:3a:8a'	46.520354	6.568866	42.0	31
'dc:71:44:72:3a:8a'	46.520354	6.568866	42.0	30
'dc:71:44:72:3a:8a'	46.520354	6.568866	42.0	29
'dc:71:44:72:3a:8a'	46.520354	6.568866	42.0	31
'dc:71:44:72:3a:8a'	46.520354	6.568866	42.0	33
'dc:71:44:72:3a:8a'	46.520354	6.568866	42.0	32
'dc:71:44:72:3a:8a'	46.520354	6.568866	42.0	29
'dc:71:44:72:3a:8a'	46.520354	6.568866	42.0	34
'dc:71:44:72:3a:8a'	46.520354	6.568866	42.0	37
'dc:71:44:72:3a:8a'	46.520354	6.568866	42.0	32
'dc:71:44:72:3a:8a'	46.520354	6.568866	42.0	33
'dc:71:44:72:3a:8a'	46.520354	6.568866	42.0	20
'dc:71:44:72:3a:8a'	46.520354	6.568866	42.0	32
'dc:71:44:72:3a:8a'	46.520354	6.568866	42.0	34
'47:b0:06:b9:db:f4'	46.520354	6.568866	42.0	20
'dc:71:44:72:3a:8a'	46.520354	6.568866	42.0	32
'dc:71:44:72:3a:8a'	46.520354	6.568866	42.0	33
'dc:71:44:72:3a:8a'	46.520354	6.568866	42.0	32
'dc:71:44:72:3a:8a'	46.520354	6.568866	42.0	31
'dc:71:44:72:3a:8a'	46.520354	6.568866	42.0	33
'dc:71:44:72:3a:8a'	46.520354	6.568866	42.0	29
'dc:71:44:72:3a:8a'	46.520354	6.568866	42.0	27
'dc:71:44:72:3a:8a'	46.520354	6.568866	42.0	34
'dc:71:44:72:3a:8a'	46.520354	6.568866	42.0	33
'dc:71:44:72:3a:8a'	46.520354	6.568866	42.0	34
'dc:71:44:72:3a:8a'	46.520354	6.568866	42.0	34
'dc:71:44:72:3a:8a'	46.520354	6.568866	42.0	34
'dc:71:44:72:3a:8a'	46.520354	6.568866	42.0	29
'dc:71:44:72:3a:8a'	46.520354	6.568866	42.0	33
'dc:71:44:72:3a:8a'	46.520354	6.568866	42.0	32
'dc:71:44:72:3a:8a'	46.520354	6.568866	42.0	34
'dc:71:44:72:3a:8a'	46.520354	6.568866	42.0	31
'dc:71:44:72:3a:8a'	46.520354	6.568866	42.0	31
'dc:71:44:72:3a:8a'	46.520354	6.568866	42.0	30
'dc:71:44:72:3a:8a'	46.520354	6.568866	42.0	27
'dc:71:44:72:3a:8a'	46.520354	6.568866	42.0	28
'dc:71:44:72:3a:8a'	46.520354	6.568866	42.0	30
'dc:71:44:72:3a:8a'	46.520354	6.568866	42.0	32
'dc:71:44:72:3a:8a'	46.520354	6.568866	42.0	32
'dc:71:44:72:3a:8a'	46.520354	6.568866	42.0	31
'dc:71:44:72:3a:8a'	46.520354	6.568866	42.0	34
'dc:71:44:72:3a:88'	46.520354	6.568866	42.0	32
'dc:71:44:72:3a:8a'	46.520354	6.568866	42.0	34
'dc:71:44:72:3a:8a'	46.520354	6.568866	42.0	35
'dc:71:44:72:3a:8a'	46.520354	6.568866	42.0	36
'dc:71:44:72:3a:8a'	46.520354	6.568866	42.0	32
'a0:88:b4:76:72:a4'	46.520354	6.568866	42.0	76
'a0:88:b4:76:72:a4'	46.520354	6.568866	42.0	76
'a0:88:b4:76:72:a4'	46.520354	6.568866	42.0	32
'a0:88:b4:76:72:a4'	46.520354	6.568866	42.0	28
'dc:71:44:72:3a:8a'	46.520354	6.568866	42.0	36
'a0:88:b4:76:72:a4'	46.520354	6.568866	42.0	22
'dc:71:44:72:3a:8a'	46.520354	6.568866	42.0	36
'dc:71:44:72:3a:8a'	46.520354	6.568866	42.0	35
'dc:71:44:72:3a:8a'	46.520354	6.568866	42.0	35
'dc:71:44:72:3a:8a'	46.520354	6.568866	42.0	36
'dc:71:44:72:3a:8a'	46.520354	6.568866	42.0	34
'dc:71:44:72:3a:8a'	46.520354	6.568866	42.0	31
'dc:71:44:72:3a:8a'	46.520354	6.568866	42.0	34
'dc:71:44:72:3a:8a'	46.520354	6.568866	42.0	30
'dc:71:44:72:3a:8a'	46.520354	6.568866	42.0	35
'dc:71:44:72:3a:8a'	46.520354	6.568866	42.0	35
'dc:71:44:72:3a:8a'	46.520354	6.568866	42.0	35
'dc:71:44:72:3a:8a'	46.520354	6.568866	42.0	35
'dc:71:44:72:3a:8a'	46.520354	6.568866	42.0	35
'dc:71:44:72:3a:8a'	46.520354	6.568866	42.0	36
'dc:71:44:72:3a:8a'	46.520354	6.568866	42.0	35
'dc:71:44:72:3a:8a'	46.520354	6.568866	42.0	37
'dc:71:44:72:3a:8a'	46.520354	6.568866	42.0	35
'dc:71:44:72:3a:8a'	46.520354	6.568866	42.0	35
'dc:71:44:72:3a:8a'	46.520354	6.568866	42.0	35
'dc:71:44:72:3a:8a'	46.520354	6.568866	42.0	33
'dc:71:44:72:3a:8a'	46.520354	6.568866	42.0	36
'bc:52:b7:2e:65:53'	46.520354	6.568866	42.0	25
'bc:52:b7:2e:65:53'	46.520354	6.568866	42.0	23
'bc:52:b7:2e:65:53'	46.520354	6.568866	42.0	22
'dc:71:44:72:3a:8a'	46.520354	6.568866	42.0	36
'dc:71:44:72:3a:8a'	46.520354	6.568866	42.0	36
'dc:71:44:72:3a:8a'	46.520354	6.568866	42.0	31
'dc:71:44:72:3a:8a'	46.520354	6.568866	42.0	35
'dc:71:44:72:3a:8a'	46.520354	6.568866	42.0	33
'dc:71:44:72:3a:8a'	46.520354	6.568866	42.0	29
'dc:71:44:72:3a:8a'	46.520354	6.568866	42.0	35
'dc:71:44:72:3a:8a'	46.520354	6.568866	42.0	36
'dc:71:44:72:3a:8a'	46.520354	6.568866	42.0	34
'dc:71:44:72:3a:8a'	46.520354	6.568866	42.0	39
'dc:71:44:72:3a:8a'	46.520354	6.568866	42.0	32
'dc:71:44:72:3a:8a'	46.520354	6.568866	42.0	34
'dc:71:44:72:3a:8a'	46.520354	6.568866	42.0	34
'dc:71:44:72:3a:8a'	46.520354	6.568866	42.0	29
'dc:71:44:72:3a:8a'	46.520354	6.568866	42.0	34
'dc:71:44:72:3a:8a'	46.520354	6.568866	42.0	36
'dc:71:44:72:3a:8a'	46.520354	6.568866	42.0	29
'dc:71:44:72:3a:8a'	46.520354	6.568866	42.0	37
'dc:71:44:72:3a:88'	46.520354	6.568866	42.0	37
'dc:71:44:72:3a:88'	46.520354	6.568866	42.0	34
'dc:71:44:5e:c6:c9'	46.520354	6.568866	42.0	23
'dc:71:44:72:3a:8a'	46.520354	6.568866	42.0	31
'dc:71:44:72:3a:8a'	46.520354	6.568866	42.0	36
'dc:71:44:72:3a:8a'	46.520354	6.568866	42.0	30
'dc:71:44:72:3a:8a'	46.520354	6.568866	42.0	35
'dc:71:44:72:3a:8a'	46.520354	6.568866	42.0	34
'dc:71:44:72:3a:8a'	46.520354	6.568866	42.0	30
'dc:71:44:72:3a:8a'	46.520354	6.568866	42.0	35
'f3:1a:33:1b:d3:7c'	46.520354	6.568866	42.0	25
'dc:71:44:72:3a:8a'	46.520354	6.568866	42.0	36
'dc:71:44:72:3a:8a'	46.520354	6.568866	42.0	31
'e4:3c:78:5d:49:f0'	46.520354	6.568866	42.0	22
'dc:71:44:72:3a:8a'	46.520354	6.568866	42.0	33
'dc:71:44:72:3a:8a'	46.520354	6.568866	42.0	36
'dc:71:44:72:3a:8a'	46.520354	6.568866	42.0	32
'dc:71:44:72:3a:8a'	46.520354	6.568866	42.0	36
'dc:71:44:72:3a:8a'	46.520354	6.568866	42.0	37
'dc:71:44:72:3a:8a'	46.520354	6.568866	42.0	36
'dc:71:44:72:3a:8a'	46.520354	6.568866	42.0	37
'dc:71:44:72:3a:8a'	46.520354	6.568866	42.0	35
'dc:71:44:72:3a:8a'	46.520354	6.568866	42.0	31
'dc:71:44:72:3a:8a'	46.520354	6.568866	42.0	30
'dc:71:44:72:3a:8a'	46.520354	6.568866	42.0	32
'dc:71:44:72:3a:8a'	46.520354	6.568866	42.0	33
'dc:71:44:72:3a:8a'	46.520354	6.568866	42.0	31
'dc:71:44:72:3a:8a'	46.520354	6.568866	42.0	35
'dc:71:44:72:3a:8a'	46.520354	6.568866	42.0	35
'dc:71:44:72:3a:8a'	46.520354	6.568866	42.0	34
'dc:71:44:72:3a:8a'	46.520354	6.568866	42.0	36
'dc:71:44:72:3a:8a'	46.520354	6.568866	42.0	34
'dc:71:44:72:3a:8a'	46.520354	6.568866	42.0	36
'dc:71:44:72:3a:8a'	46.520354	6.568866	42.0	36
'dc:71:44:72:3a:8a'	46.520354	6.568866	42.0	37
'dc:71:44:72:3a:8a'	46.520354	6.568866	42.0	36
'29:66:64:61:8b:62'	46.520354	6.568866	42.0	23
'a0:88:b4:76:72:a4'	46.520354	6.568866	42.0	26
'a0:88:b4:76:72:a4'	46.520354	6.568866	42.0	30
'dc:71:44:72:3a:8a'	46.520354	6.568866	42.0	31
'dc:71:44:72:3a:8a'	46.520354	6.568866	42.0	34
'dc:71:44:72:3a:8a'	46.520354	6.568866	42.0	35
'dc:71:44:72:3a:8a'	46.520354	6.568866	42.0	35
'dc:71:44:72:3a:8a'	46.520354	6.568866	42.0	32
'dc:71:44:72:3a:8a'	46.520354	6.568866	42.0	33
'dc:71:44:72:3a:8a'	46.520354	6.568866	42.0	29
'dc:71:44:72:3a:8a'	46.520354	6.568866	42.0	29
'dc:71:44:72:3a:8a'	46.520354	6.568866	42.0	21
'dc:71:44:72:3a:8a'	46.520354	6.568866	42.0	31
'dc:71:44:72:3a:8a'	46.520354	6.568866	42.0	32
'dc:71:44:72:3a:8a'	46.520354	6.568866	42.0	32
'dc:71:44:72:3a:8a'	46.520354	6.568866	42.0	32
'dc:71:44:72:3a:8a'	46.520354	6.568866	42.0	33
'dc:71:44:72:3a:8a'	46.520354	6.568866	42.0	31
'dc:71:44:72:3a:8a'	46.520354	6.568866	42.0	34
'dc:71:44:72:3a:8a'	46.520354	6.568866	42.0	32
'dc:71:44:72:3a:8a'	46.520354	6.568866	42.0	30
'dc:71:44:72:3a:8a'	46.520354	6.568866	42.0	31
'dc:71:44:72:3a:8a'	46.520354	6.568866	42.0	34
'dc:71:44:72:3a:8a'	46.520354	6.568866	42.0	29
'dc:71:44:72:3a:8a'	46.520354	6.568866	42.0	30
'dc:71:44:72:3a:8a'	46.520354	6.568866	42.0	27
'dc:71:44:72:3a:8a'	46.520354	6.568866	42.0	34
'dc:71:44:72:3a:8a'	46.520354	6.568866	42.0	34
'dc:71:44:72:3a:8a'	46.520354	6.568866	42.0	32
'dc:71:44:72:3a:8a'	46.520354	6.568866	42.0	31
'dc:71:44:72:3a:8a'	46.520354	6.568866	42.0	32
'dc:71:44:72:3a:8a'	46.520354	6.568866	42.0	33
'dc:71:44:72:3a:8a'	46.520354	6.568866	42.0	34
'dc:71:44:72:3a:8a'	46.520354	6.568866	42.0	33
'dc:71:44:72:3a:8a'	46.520354	6.568866	42.0	33
'dc:71:44:72:3a:8a'	46.520354	6.568866	42.0	36
'dc:71:44:72:3a:8a'	46.520354	6.568866	42.0	35
'dc:71:44:72:3a:8a'	46.520354	6.568866	42.0	34
'dc:71:44:72:3a:8a'	46.520354	6.568866	42.0	32
'dc:71:44:72:3a:8a'	46.520354	6.568866	42.0	33
'dc:71:44:72:3a:8a'	46.520354	6.568866	42.0	34
'dc:71:44:72:3a:8a'	46.520354	6.568866	42.0	32
'dc:71:44:72:3a:8a'	46.520354	6.568866	42.0	32
'dc:71:44:72:3a:8a'	46.520354	6.568866	42.0	34
'dc:71:44:72:3a:8a'	46.520354	6.568866	42.0	33
'dc:71:44:72:3a:88'	46.520354	6.568866	42.0	28
'dc:71:44:72:3a:8a'	46.520354	6.568866	42.0	30
'dc:71:44:72:3a:8a'	46.520354	6.568866	42.0	31
'dc:71:44:72:3a:8a'	46.520354	6.568866	42.0	27
'dc:71:44:72:3a:8a'	46.520354	6.568866	42.0	29
'dc:71:44:72:3a:8a'	46.520354	6.568866	42.0	33
'dc:71:44:72:3a:8a'	46.520354	6.568866	42.0	36
'dc:71:44:72:3a:8a'	46.520354	6.568866	42.0	38
'dc:71:44:72:3a:8a'	46.520354	6.568866	42.0	38
'dc:71:44:72:3a:8a'	46.520354	6.568866	42.0	34
'dc:71:44:72:3a:8a'	46.520354	6.568866	42.0	36
'38:aa:3c:c3:07:82'	46.520354	6.568866	42.0	26
'38:aa:3c:c3:07:82'	46.520354	6.568866	42.0	27
'38:aa:3c:c3:07:82'	46.520354	6.568866	42.0	28
'dc:71:44:72:3a:8a'	46.520354	6.568866	42.0	37
'dc:71:44:72:3a:8a'	46.520354	6.568866	42.0	37
'dc:71:44:72:3a:8a'	46.520354	6.568866	42.0	30
'dc:71:44:72:3a:8a'	46.520354	6.568866	42.0	36
'dc:71:44:72:3a:8a'	46.520354	6.568866	42.0	35
'dc:71:44:72:3a:8a'	46.520354	6.568866	42.0	32
'dc:71:44:72:3a:8a'	46.520354	6.568866	42.0	34
'dc:71:44:72:3a:8a'	46.520354	6.568866	42.0	37
'dc:71:44:72:3a:8a'	46.520354	6.568866	42.0	35
'dc:71:44:72:3a:8a'	46.520354	6.568866	42.0	36
'dc:71:44:72:3a:8a'	46.520354	6.568866	42.0	36
'dc:71:44:72:3a:8a'	46.520354	6.568866	42.0	38
'dc:71:44:72:3a:8a'	46.520354	6.568866	42.0	34
'dc:71:44:72:3a:8a'	46.520354	6.568866	42.0	37
'dc:71:44:72:3a:8a'	46.520354	6.568866	42.0	36
'dc:71:44:72:3a:8a'	46.520354	6.568866	42.0	38
'dc:71:44:72:3a:8a'	46.520354	6.568866	42.0	34
'dc:71:44:72:3a:8a'	46.520354	6.568866	42.0	35
'dc:71:44:72:3a:8a'	46.520354	6.568866	42.0	36
'dc:71:44:72:3a:8a'	46.520354	6.568866	42.0	36
'dc:71:44:72:3a:8a'	46.520354	6.568866	42.0	38
'dc:71:44:72:3a:8a'	46.520354	6.568866	42.0	38
'a0:88:b4:76:72:a4'	46.520354	6.568866	42.0	79
'a0:88:b4:76:72:a4'	46.520354	6.568866	42.0	29
'a0:88:b4:76:72:a4'	46.520354	6.568866	42.0	29
'a0:88:b4:76:72:a4'	46.520354	6.568866	42.0	23
'dc:71:44:72:3a:8a'	46.520354	6.568866	42.0	36
'dc:71:44:72:3a:8a'	46.520354	6.568866	42.0	35
'dc:71:44:72:3a:8a'	46.520354	6.568866	42.0	36
'dc:71:44:72:3a:8a'	46.520354	6.568866	42.0	35
'dc:71:44:72:3a:88'	46.520354	6.568866	42.0	36
'dc:71:44:72:3a:88'	46.520354	6.568866	42.0	34
'dc:71:44:72:3a:8a'	46.520354	6.568866	42.0	35
'dc:71:44:72:3a:8a'	46.520354	6.568866	42.0	35
'dc:71:44:72:3a:8a'	46.520354	6.568866	42.0	37
'9c:44:65:9e:33:c7'	46.520354	6.568866	42.0	22
'a6:72:2f:c2:aa:a3'	46.520354	6.568866	42.0	20
'dc:71:44:72:3a:8a'	46.520354	6.568866	42.0	35
'dc:71:44:72:3a:8a'	46.520354	6.568866	42.0	32
'dc:71:44:72:3a:8a'	46.520354	6.568866	42.0	35
'dc:71:44:72:3a:8a'	46.520354	6.568866	42.0	35
'dc:71:44:72:3a:8a'	46.520354	6.568866	42.0	32
'dc:71:44:72:3a:8a'	46.520354	6.568866	42.0	37
'dc:71:44:72:3a:8a'	46.520354	6.568866	42.0	37
'dc:71:44:72:3a:8a'	46.520354	6.568866	42.0	36
'dc:71:44:72:3a:8a'	46.520354	6.568866	42.0	35
'dc:71:44:72:3a:8a'	46.520354	6.568866	42.0	37
'40:36:49:e7:cf:8c'	46.520354	6.568866	42.0	24
'dc:71:44:72:3a:8a'	46.520354	6.568866	42.0	36
'dc:71:44:72:3a:8a'	46.520354	6.568866	42.0	30
'dc:71:44:72:3a:8a'	46.520354	6.568866	42.0	35
'dc:71:44:72:3a:8a'	46.520354	6.568866	42.0	37
'dc:71:44:72:3a:8a'	46.520354	6.568866	42.0	34
'dc:71:44:72:3a:8a'	46.520354	6.568866	42.0	36
'dc:71:44:72:3a:8a'	46.520354	6.568866	42.0	30
'dc:71:44:72:3a:8a'	46.520354	6.568866	42.0	33
'dc:71:44:72:3a:8a'	46.520354	6.568866	42.0	31
'dc:71:44:72:3a:8a'	46.520354	6.568866	42.0	36
'dc:71:44:72:3a:8a'	46.520354	6.568866	42.0	35
'dc:71:44:72:3a:8a'	46.520354	6.568866	42.0	36
'dc:71:44:72:3a:8a'	46.520354	6.568866	42.0	36
'dc:71:44:72:3a:8a'	46.520354	6.568866	42.0	36
'dc:71:44:72:3a:8a'	46.520354	6.568866	42.0	31
'dc:71:44:72:3a:8a'	46.520354	6.568866	42.0	35
'dc:71:44:72:3a:8a'	46.520354	6.568866	42.0	33
'dc:71:44:72:3a:8a'	46.520354	6.568866	42.0	35
'dc:71:44:72:3a:8a'	46.520354	6.568866	42.0	35
'dc:71:44:72:3a:8a'	46.520354	6.568866	42.0	36
'dc:71:44:72:3a:88'	46.520354	6.568866	42.0	36
'dc:71:44:72:3a:88'	46.520354	6.568866	42.0	32
'dc:71:44:72:3a:8a'	46.520354	6.568866	42.0	34
'dc:71:44:72:3a:8a'	46.520354	6.568866	42.0	36
'dc:71:44:72:3a:8a'	46.520354	6.568866	42.0	33
'dc:71:44:72:3a:8a'	46.520354	6.568866	42.0	30
'dc:71:44:72:3a:8a'	46.520354	6.568866	42.0	35
'dc:71:44:72:3a:8a'	46.520354	6.568866	42.0	34
'dc:71:44:72:3a:8a'	46.520354	6.568866	42.0	31
'dc:71:44:72:3a:8a'	46.520354	6.568866	42.0	31
'dc:71:44:72:3a:8a'	46.520354	6.568866	42.0	34
'dc:71:44:72:3a:8a'	46.520354	6.568866	42.0	33
'dc:71:44:72:3a:8a'	46.520354	6.568866	42.0	31
'dc:71:44:72:3a:8a'	46.520354	6.568866	42.0	30
'dc:71:44:72:3a:8a'	46.520354	6.568866	42.0	33
'dc:71:44:72:3a:8a'	46.520354	6.568866	42.0	30
'dc:71:44:72:3a:8a'	46.520354	6.568866	42.0	34
'dc:71:44:72:3a:8a'	46.520354	6.568866	42.0	34
'dc:71:44:72:3a:8a'	46.520354	6.568866	42.0	32
'dc:71:44:72:3a:8a'	46.520354	6.568866	42.0	32
'dc:71:44:72:3a:8a'	46.520354	6.568866	42.0	33
'dc:71:44:72:3a:8a'	46.520354	6.568866	42.0	33
'dc:71:44:72:3a:8a'	46.520354	6.568866	42.0	33
'dc:71:44:72:3a:8a'	46.520354	6.568866	42.0	32
'dc:71:44:72:3a:8a'	46.520354	6.568866	42.0	33
'a0:88:b4:76:72:a4'	46.520354	6.568866	42.0	75
'dc:71:44:72:3a:8a'	46.520354	6.568866	42.0	31
'a0:88:b4:76:72:a4'	46.520354	6.568866	42.0	34
'a0:88:b4:76:72:a4'	46.520354	6.568866	42.0	28
'a0:88:b4:76:72:a4'	46.520354	6.568866	42.0	24
'dc:71:44:72:3a:8a'	46.520354	6.568866	42.0	31
'dc:71:44:72:3a:8a'	46.520354	6.568866	42.0	30
'dc:71:44:72:3a:8a'	46.520354	6.568866	42.0	32
'dc:71:44:72:3a:8a'	46.520354	6.568866	42.0	29
'dc:71:44:72:3a:8a'	46.520354	6.568866	42.0	34
'dc:71:44:72:3a:8a'	46.520354	6.568866	42.0	34
'dc:71:44:72:3a:8a'	46.520354	6.568866	42.0	34
'dc:71:44:72:3a:8a'	46.520354	6.568866	42.0	35
'dc:71:44:72:3a:8a'	46.520354	6.568866	42.0	34
'dc:71:44:72:3a:88'	46.520354	6.568866	42.0	31
'dc:71:44:72:3a:8a'	46.520354	6.568866	42.0	35
'dc:71:44:72:3a:8a'	46.520354	6.568866	42.0	34
'dc:71:44:72:3a:8a'	46.520354	6.568866	42.0	35
'e2:a4:a0:09:5b:4e'	46.520354	6.568866	42.0	20
'dc:71:44:72:3a:8a'	46.520354	6.568866	42.0	35
'dc:71:44:72:3a:8a'	46.520354	6.568866	42.0	35
'dc:71:44:72:3a:8a'	46.520354	6.568866	42.0	35
'dc:71:44:72:3a:8a'	46.520354	6.568866	42.0	35
'dc:71:44:72:3a:8a'	46.520354	6.568866	42.0	35
'dc:71:44:72:3a:8a'	46.520354	6.568866	42.0	19
'dc:71:44:72:3a:8a'	46.520354	6.568866	42.0	34
'dc:71:44:72:3a:8a'	46.520354	6.568866	42.0	35
'dc:71:44:72:3a:8a'	46.520354	6.568866	42.0	36
'dc:71:44:72:3a:8a'	46.520354	6.568866	42.0	35
'dc:71:44:72:3a:8a'	46.520354	6.568866	42.0	35
'dc:71:44:72:3a:8a'	46.520354	6.568866	42.0	34
'dc:71:44:72:3a:8a'	46.520354	6.568866	42.0	34
'dc:71:44:72:3a:8a'	46.520354	6.568866	42.0	35
'dc:71:44:72:3a:8a'	46.520354	6.568866	42.0	34
'dc:71:44:72:3a:8a'	46.520354	6.568866	42.0	34
'dc:71:44:72:3a:8a'	46.520354	6.568866	42.0	37
'dc:71:44:72:3a:8a'	46.520354	6.568866	42.0	32
'dc:71:44:72:3a:8a'	46.520354	6.568866	42.0	32
'dc:71:44:72:3a:8a'	46.520354	6.568866	42.0	33
'dc:71:44:72:3a:8a'	46.520354	6.568866	42.0	34
'dc:71:44:72:3a:8a'	46.520354	6.568866	42.0	33
'dc:71:44:72:3a:8a'	46.520354	6.568866	42.0	33
'dc:71:44:72:3a:8a'	46.520354	6.568866	42.0	33
'dc:71:44:72:3a:8a'	46.520354	6.568866	42.0	33
'dc:71:44:72:3a:8a'	46.520354	6.568866	42.0	33
'dc:71:44:72:3a:8a'	46.520354	6.568866	42.0	32
'dc:71:44:72:3a:8a'	46.520354	6.568866	42.0	15
'dc:71:44:72:3a:8a'	46.520354	6.568866	42.0	34
'64:b8:c5:01:6a:ea'	46.520354	6.568866	42.0	20
'dc:71:44:72:3a:88'	46.520354	6.568866	42.0	34
'dc:71:44:72:3a:88'	46.520354	6.568866	42.0	35
'dc:71:44:72:3a:8a'	46.520354	6.568866	42.0	32
'dc:71:44:72:3a:8a'	46.520354	6.568866	42.0	32
'dc:71:44:72:3a:8a'	46.520354	6.568866	42.0	31
'dc:71:44:72:3a:8a'	46.520354	6.568866	42.0	33
'dc:71:44:72:3a:8a'	46.520354	6.568866	42.0	32
'dc:71:44:72:3a:8a'	46.520354	6.568866	42.0	29
'dc:71:44:72:3a:8a'	46.520354	6.568866	42.0	28
'dc:71:44:72:3a:8a'	46.520354	6.568866	42.0	30
'dc:71:44:72:3a:8a'	46.520354	6.568866	42.0	29
'dc:71:44:72:3a:8a'	46.520354	6.568866	42.0	32
'dc:71:44:72:3a:8a'	46.520354	6.568866	42.0	29
'dc:71:44:72:3a:8a'	46.520354	6.568866	42.0	32
'dc:71:44:72:3a:8a'	46.520354	6.568866	42.0	31
'dc:71:44:72:3a:8a'	46.520354	6.568866	42.0	32
'dc:71:44:72:3a:8a'	46.520354	6.568866	42.0	32
'dc:71:44:72:3a:8a'	46.520354	6.568866	42.0	32
'dc:71:44:72:3a:8a'	46.520354	6.568866	42.0	31
'dc:71:44:72:3a:8a'	46.520354	6.568866	42.0	30
'dc:71:44:72:3a:8a'	46.520354	6.568866	42.0	29
'dc:71:44:72:3a:8a'	46.520354	6.568866	42.0	30
'dc:71:44:72:3a:8a'	46.520354	6.568866	42.0	30
'dc:71:44:72:3a:8a'	46.520354	6.568866	42.0	30
'dc:71:44:72:3a:8a'	46.520354	6.568866	42.0	29
'a0:88:b4:76:72:a4'	46.520354	6.568866	42.0	73
'a0:88:b4:76:72:a4'	46.520354	6.568866	42.0	32
'dc:71:44:72:3a:8a'	46.520354	6.568866	42.0	32
'dc:71:44:72:3a:8a'	46.520354	6.568866	42.0	31
'dc:71:44:72:3a:8a'	46.520354	6.568866	42.0	29
'dc:71:44:72:3a:8a'	46.520354	6.568866	42.0	31
'dc:71:44:72:3a:8a'	46.520354	6.568866	42.0	32
'dc:71:44:72:3a:8a'	46.520354	6.568866	42.0	30
'dc:71:44:72:3a:8a'	46.520354	6.568866	42.0	32
'dc:71:44:72:3a:8a'	46.520354	6.568866	42.0	31
'dc:71:44:72:3a:8a'	46.520354	6.568866	42.0	31
'dc:71:44:72:3a:8a'	46.520354	6.568866	42.0	29
'dc:71:44:72:3a:8a'	46.520354	6.568866	42.0	31
'dc:71:44:72:3a:8a'	46.520354	6.568866	42.0	33
'dc:71:44:72:3a:8a'	46.520354	6.568866	42.0	32
'dc:71:44:72:3a:8a'	46.520354	6.568866	42.0	31
'dc:71:44:72:3a:8a'	46.520354	6.568866	42.0	32
'38:aa:3c:c3:07:82'	46.520354	6.568866	42.0	29
'38:aa:3c:c3:07:82'	46.520354	6.568866	42.0	31
'38:aa:3c:c3:07:82'	46.520354	6.568866	42.0	29
'dc:71:44:72:3a:8a'	46.520354	6.568866	42.0	31
'dc:71:44:72:3a:8a'	46.520354	6.568866	42.0	32
'dc:71:44:72:3a:8a'	46.520354	6.568866	42.0	29
'dc:71:44:72:3a:8a'	46.520354	6.568866	42.0	32
'dc:71:44:72:3a:8a'	46.520354	6.568866	42.0	31
'dc:71:44:72:3a:8a'	46.520354	6.568866	42.0	31
'dc:71:44:72:3a:8a'	46.520354	6.568866	42.0	31
'dc:71:44:72:3a:88'	46.520354	6.568866	42.0	30
'dc:71:44:72:3a:88'	46.520354	6.568866	42.0	34
'dc:71:44:72:3a:8a'	46.520354	6.568866	42.0	34
'dc:71:44:72:3a:8a'	46.520354	6.568866	42.0	32
'dc:71:44:72:3a:8a'	46.520354	6.568866	42.0	34
'dc:71:44:72:3a:8a'	46.520354	6.568866	42.0	33
'dc:71:44:72:3a:8a'	46.520354	6.568866	42.0	32
'dc:71:44:72:3a:8a'	46.520354	6.568866	42.0	33
'dc:71:44:72:3a:8a'	46.520354	6.568866	42.0	32
'dc:71:44:72:3a:8a'	46.520354	6.568866	42.0	32
'dc:71:44:72:3a:8a'	46.520354	6.568866	42.0	32
'dc:71:44:72:3a:8a'	46.520354	6.568866	42.0	34
'dc:71:44:72:3a:8a'	46.520354	6.568866	42.0	33
'dc:71:44:72:3a:8a'	46.520354	6.568866	42.0	33
'dc:71:44:72:3a:8a'	46.520354	6.568866	42.0	33
'dc:71:44:72:3a:8a'	46.520354	6.568866	42.0	33
'dc:71:44:72:3a:8a'	46.520354	6.568866	42.0	32
'dc:71:44:72:3a:8a'	46.520354	6.568866	42.0	35
'dc:71:44:72:3a:8a'	46.520354	6.568866	42.0	32
'dc:71:44:72:3a:8a'	46.520354	6.568866	42.0	34
'dc:71:44:72:3a:8a'	46.520354	6.568866	42.0	32
'dc:71:44:72:3a:8a'	46.520354	6.568866	42.0	33
'dc:71:44:72:3a:8a'	46.520354	6.568866	42.0	34
'dc:71:44:72:3a:8a'	46.520354	6.568866	42.0	31
'dc:71:44:72:3a:8a'	46.520354	6.568866	42.0	34
'dc:71:44:72:3a:8a'	46.520354	6.568866	42.0	32
'dc:71:44:72:3a:8a'	46.520354	6.568866	42.0	33
'dc:71:44:72:3a:8a'	46.520354	6.568866	42.0	32
'dc:71:44:72:3a:8a'	46.520354	6.568866	42.0	29
'dc:71:44:72:3a:8a'	46.520354	6.568866	42.0	32
'dc:71:44:72:3a:8a'	46.520354	6.568866	42.0	33
'dc:71:44:72:3a:8a'	46.520354	6.568866	42.0	33
'dc:71:44:72:3a:8a'	46.520354	6.568866	42.0	32
'dc:71:44:72:3a:8a'	46.520354	6.568866	42.0	31
'dc:71:44:72:3a:8a'	46.520354	6.568866	42.0	33
'dc:71:44:72:3a:8a'	46.520354	6.568866	42.0	33
'dc:71:44:72:3a:8a'	46.520354	6.568866	42.0	30
'dc:71:44:72:3a:8a'	46.520354	6.568866	42.0	32
'dc:71:44:72:3a:8a'	46.520354	6.568866	42.0	32
'dc:71:44:72:3a:8a'	46.520354	6.568866	42.0	33
'dc:71:44:72:3a:8a'	46.520354	6.568866	42.0	32
'dc:71:44:72:3a:88'	46.520354	6.568866	42.0	33
'dc:71:44:72:3a:88'	46.520354	6.568866	42.0	32
'dc:71:44:72:3a:88'	46.520354	6.568866	42.0	18
'dc:71:44:72:3a:88'	46.520354	6.568866	42.0	31
'dc:71:44:72:3a:88'	46.520354	6.568866	42.0	34
'dc:71:44:72:3a:8a'	46.520354	6.568866	42.0	32
'dc:71:44:72:3a:8a'	46.520354	6.568866	42.0	31
'dc:71:44:72:3a:8a'	46.520354	6.568866	42.0	33
'dc:71:44:72:3a:8a'	46.520354	6.568866	42.0	32
'dc:71:44:72:3a:8a'	46.520354	6.568866	42.0	29
'dc:71:44:72:3a:8a'	46.520354	6.568866	42.0	32
'dc:71:44:72:3a:8a'	46.520354	6.568866	42.0	28
'dc:71:44:72:3a:8a'	46.520354	6.568866	42.0	28
'dc:71:44:72:3a:8a'	46.520354	6.568866	42.0	30
'dc:71:44:72:3a:8a'	46.520354	6.568866	42.0	33
'dc:71:44:72:3a:8a'	46.520354	6.568866	42.0	33
'dc:71:44:72:3a:8a'	46.520354	6.568866	42.0	33
'dc:71:44:72:3a:8a'	46.520354	6.568866	42.0	31
'dc:71:44:72:3a:8a'	46.520354	6.568866	42.0	31
'dc:71:44:72:3a:8a'	46.520354	6.568866	42.0	31
'dc:71:44:72:3a:8a'	46.520354	6.568866	42.0	32
'dc:71:44:72:3a:8a'	46.520354	6.568866	42.0	32
'dc:71:44:72:3a:8a'	46.520354	6.568866	42.0	32
'dc:71:44:72:3a:8a'	46.520354	6.568866	42.0	29
'a0:88:b4:76:72:a4'	46.520354	6.568866	42.0	70
'a0:88:b4:76:72:a4'	46.520354	6.568866	42.0	69
'dc:71:44:72:3a:8a'	46.520354	6.568866	42.0	32
'dc:71:44:72:3a:8a'	46.520354	6.568866	42.0	32
'dc:71:44:72:3a:8a'	46.520354	6.568866	42.0	30
'dc:71:44:72:3a:8a'	46.520354	6.568866	42.0	33
'dc:71:44:72:3a:8a'	46.520354	6.568866	42.0	32
'dc:71:44:72:3a:8a'	46.520354	6.568866	42.0	31
'dc:71:44:72:3a:8a'	46.520354	6.568866	42.0	27
'dc:71:44:72:3a:8a'	46.520354	6.568866	42.0	30
'dc:71:44:72:3a:8a'	46.520354	6.568866	42.0	32
'dc:71:44:72:3a:8a'	46.520354	6.568866	42.0	29
'dc:71:44:72:3a:8a'	46.520354	6.568866	42.0	31
'dc:71:44:72:3a:8a'	46.520354	6.568866	42.0	28
'dc:71:44:72:3a:8a'	46.520354	6.568866	42.0	32
'dc:71:44:72:3a:8a'	46.520354	6.568866	42.0	33
'dc:71:44:72:3a:8a'	46.520354	6.568866	42.0	31
'dc:71:44:72:3a:8a'	46.520354	6.568866	42.0	33
'dc:71:44:72:3a:8a'	46.520354	6.568866	42.0	32
'dc:71:44:72:3a:8a'	46.520354	6.568866	42.0	30
'dc:71:44:72:3a:8a'	46.520354	6.568866	42.0	33
'dc:71:44:72:3a:8a'	46.520354	6.568866	42.0	32
'dc:71:44:72:3a:8a'	46.520354	6.568866	42.0	28
'dc:71:44:72:3a:8a'	46.520354	6.568866	42.0	33
'dc:71:44:72:3a:8a'	46.520354	6.568866	42.0	32
'dc:71:44:72:3a:8a'	46.520354	6.568866	42.0	33
'dc:71:44:72:3a:8a'	46.520354	6.568866	42.0	33
'dc:71:44:72:3a:8a'	46.520354	6.568866	42.0	31
'dc:71:44:72:3a:8a'	46.520354	6.568866	42.0	32
'dc:71:44:72:3a:8a'	46.520354	6.568866	42.0	33
'dc:71:44:72:3a:8a'	46.520354	6.568866	42.0	32
'dc:71:44:72:3a:8a'	46.520354	6.568866	42.0	33
'dc:71:44:72:3a:8a'	46.520354	6.568866	42.0	33
'dc:71:44:72:3a:8a'	46.520354	6.568866	42.0	34
'dc:71:44:72:3a:8a'	46.520354	6.568866	42.0	34
'dc:71:44:72:3a:8a'	46.520354	6.568866	42.0	34
'dc:71:44:72:3a:8a'	46.520354	6.568866	42.0	35
'dc:71:44:72:3a:8a'	46.520354	6.568866	42.0	31
'dc:71:44:72:3a:8a'	46.520354	6.568866	42.0	32
'dc:71:44:72:3a:8a'	46.520354	6.568866	42.0	35
'dc:71:44:72:3a:8a'	46.520354	6.568866	42.0	33
'dc:71:44:72:3a:8a'	46.520354	6.568866	42.0	34
'dc:71:44:72:3a:8a'	46.520354	6.568866	42.0	34
'dc:71:44:72:3a:8a'	46.520354	6.568866	42.0	35
'dc:71:44:72:3a:8a'	46.520354	6.568866	42.0	33
'dc:71:44:72:3a:8a'	46.520354	6.568866	42.0	35
'dc:71:44:72:3a:8a'	46.520354	6.568866	42.0	32
'dc:71:44:72:3a:8a'	46.520354	6.568866	42.0	31
'dc:71:44:72:3a:8a'	46.520354	6.568866	42.0	32
'dc:71:44:72:3a:8a'	46.520354	6.568866	42.0	34
'dc:71:44:72:3a:8a'	46.520354	6.568866	42.0	32
'dc:71:44:72:3a:8a'	46.520354	6.568866	42.0	33
'dc:71:44:72:3a:8a'	46.520354	6.568866	42.0	30
'dc:71:44:72:3a:8a'	46.520354	6.568866	42.0	33
'dc:71:44:72:3a:8a'	46.520354	6.568866	42.0	32
'dc:71:44:72:3a:8a'	46.520354	6.568866	42.0	33
'dc:71:44:72:3a:8a'	46.520354	6.568866	42.0	32
'dc:71:44:72:3a:8a'	46.520354	6.568866	42.0	34
'dc:71:44:5e:c6:c9'	46.520354	6.568866	42.0	25
'dc:71:44:72:3a:8a'	46.520354	6.568866	42.0	33
'dc:71:44:72:3a:8a'	46.520354	6.568866	42.0	33
'dc:71:44:72:3a:8a'	46.520354	6.568866	42.0	33
'dc:71:44:72:3a:8a'	46.520354	6.568866	42.0	32
'dc:71:44:72:3a:8a'	46.520354	6.568866	42.0	31
'dc:71:44:72:3a:8a'	46.520354	6.568866	42.0	31
'dc:71:44:72:3a:8a'	46.520354	6.568866	42.0	33
'dc:71:44:72:3a:8a'	46.520354	6.568866	42.0	32
'dc:71:44:72:3a:8a'	46.520354	6.568866	42.0	34
'dc:71:44:72:3a:8a'	46.520354	6.568866	42.0	34
'dc:71:44:72:3a:8a'	46.520354	6.568866	42.0	32
'dc:71:44:72:3a:8a'	46.520354	6.568866	42.0	32
'dc:71:44:72:3a:8a'	46.520354	6.568866	42.0	31
'dc:71:44:72:3a:8a'	46.520354	6.568866	42.0	33
'dc:71:44:72:3a:8a'	46.520354	6.568866	42.0	33
'dc:71:44:72:3a:8a'	46.520354	6.568866	42.0	32
'dc:71:44:72:3a:8a'	46.520354	6.568866	42.0	30
'dc:71:44:72:3a:8a'	46.520354	6.568866	42.0	32
'dc:71:44:72:3a:8a'	46.520354	6.568866	42.0	32
'dc:71:44:72:3a:8a'	46.520354	6.568866	42.0	33
'dc:71:44:72:3a:8a'	46.520354	6.568866	42.0	32
'dc:71:44:72:3a:8a'	46.520354	6.568866	42.0	35
'60:21:c0:51:f9:08'	46.520354	6.568866	42.0	27
'60:21:c0:51:f9:08'	46.520354	6.568866	42.0	26
'dc:71:44:72:3a:8a'	46.520354	6.568866	42.0	32
'dc:71:44:72:3a:8a'	46.520354	6.568866	42.0	33
'dc:71:44:72:3a:8a'	46.520354	6.568866	42.0	32
'dc:71:44:72:3a:8a'	46.520354	6.568866	42.0	33
'dc:71:44:72:3a:8a'	46.520354	6.568866	42.0	34
'dc:71:44:72:3a:8a'	46.520354	6.568866	42.0	33
'dc:71:44:72:3a:8a'	46.520354	6.568866	42.0	31
'dc:71:44:72:3a:8a'	46.520354	6.568866	42.0	34
'dc:71:44:72:3a:8a'	46.520354	6.568866	42.0	34
'dc:71:44:72:3a:8a'	46.520354	6.568866	42.0	34
'a0:88:b4:76:72:a4'	46.520354	6.568866	42.0	75
'a0:88:b4:76:72:a4'	46.520354	6.568866	42.0	33
'dc:71:44:72:3a:8a'	46.520354	6.568866	42.0	33
'dc:71:44:72:3a:8a'	46.520354	6.568866	42.0	32
'dc:71:44:72:3a:8a'	46.520354	6.568866	42.0	33
'dc:71:44:72:3a:8a'	46.520354	6.568866	42.0	32
'dc:71:44:72:3a:8a'	46.520354	6.568866	42.0	32
'dc:71:44:72:3a:8a'	46.520354	6.568866	42.0	34
'dc:71:44:72:3a:8a'	46.520354	6.568866	42.0	32
'1e:5b:00:c1:38:db'	46.520354	6.568866	42.0	19
'dc:71:44:72:3a:8a'	46.520354	6.568866	42.0	31
'dc:71:44:72:3a:8a'	46.520354	6.568866	42.0	30
'dc:71:44:72:3a:8a'	46.520354	6.568866	42.0	33
'dc:71:44:72:3a:8a'	46.520354	6.568866	42.0	33
'dc:71:44:72:3a:8a'	46.520354	6.568866	42.0	32
'dc:71:44:72:3a:8a'	46.520354	6.568866	42.0	32
'dc:71:44:72:3a:8a'	46.520354	6.568866	42.0	33
'dc:71:44:72:3a:8a'	46.520354	6.568866	42.0	32
'dc:71:44:72:3a:8a'	46.520354	6.568866	42.0	33
'dc:71:44:72:3a:8a'	46.520354	6.568866	42.0	33
'dc:71:44:72:3a:8a'	46.520354	6.568866	42.0	33
'dc:71:44:72:3a:8a'	46.520354	6.568866	42.0	32
'dc:71:44:72:3a:8a'	46.520354	6.568866	42.0	34
'dc:71:44:72:3a:8a'	46.520354	6.568866	42.0	33
'dc:71:44:72:3a:8a'	46.520354	6.568866	42.0	33
'dc:71:44:72:3a:8a'	46.520354	6.568866	42.0	33
'dc:71:44:72:3a:8a'	46.520354	6.568866	42.0	33
'e0:63:e5:dc:ac:c8'	46.520354	6.568866	42.0	21
'dc:71:44:72:3a:8a'	46.520354	6.568866	42.0	35
'dc:71:44:72:3a:8a'	46.520354	6.568866	42.0	34
'dc:71:44:72:3a:8a'	46.520354	6.568866	42.0	33
'dc:71:44:72:3a:8a'	46.520354	6.568866	42.0	34
'dc:71:44:72:3a:8a'	46.520354	6.568866	42.0	34
'dc:71:44:72:3a:8a'	46.520354	6.568866	42.0	33
'dc:71:44:72:3a:8a'	46.520354	6.568866	42.0	33
'dc:71:44:72:3a:8a'	46.520354	6.568866	42.0	34
'dc:71:44:72:3a:8a'	46.520354	6.568866	42.0	34
'dc:71:44:72:3a:8a'	46.520354	6.568866	42.0	33
'dc:71:44:72:3a:8a'	46.520354	6.568866	42.0	34
'dc:71:44:72:3a:8a'	46.520354	6.568866	42.0	33
'dc:71:44:72:3a:8a'	46.520354	6.568866	42.0	33
'dc:71:44:72:3a:8a'	46.520354	6.568866	42.0	33
'dc:71:44:72:3a:8a'	46.520354	6.568866	42.0	34
'dc:71:44:72:3a:8a'	46.520354	6.568866	42.0	33
'dc:71:44:72:3a:8a'	46.520354	6.568866	42.0	33
'dc:71:44:72:3a:8a'	46.520354	6.568866	42.0	33
'dc:71:44:72:3a:8a'	46.520354	6.568866	42.0	34
'dc:71:44:72:3a:8a'	46.520354	6.568866	42.0	33
'dc:71:44:72:3a:8a'	46.520354	6.568866	42.0	34
'dc:71:44:72:3a:8a'	46.520354	6.568866	42.0	33
'dc:71:44:72:3a:8a'	46.520354	6.568866	42.0	34
'dc:71:44:72:3a:8a'	46.520354	6.568866	42.0	34
'38:aa:3c:c3:07:82'	46.520354	6.568866	42.0	30
'dc:71:44:72:3a:8a'	46.520354	6.568866	42.0	34
'dc:71:44:72:3a:8a'	46.520354	6.568866	42.0	33
'dc:71:44:72:3a:8a'	46.520354	6.568866	42.0	33
'dc:71:44:72:3a:8a'	46.520354	6.568866	42.0	32
'dc:71:44:72:3a:8a'	46.520354	6.568866	42.0	33
'dc:71:44:72:3a:8a'	46.520354	6.568866	42.0	33
'dc:71:44:72:3a:8a'	46.520354	6.568866	42.0	33
'dc:71:44:72:3a:8a'	46.520354	6.568866	42.0	34
'dc:71:44:72:3a:8a'	46.520354	6.568866	42.0	32
'dc:71:44:72:3a:8a'	46.520354	6.568866	42.0	33
'dc:71:44:72:3a:8a'	46.520354	6.568866	42.0	33
'dc:71:44:72:3a:8a'	46.520354	6.568866	42.0	32
'dc:71:44:72:3a:8a'	46.520354	6.568866	42.0	35
'dc:71:44:72:3a:8a'	46.520354	6.568866	42.0	32
'dc:71:44:72:3a:8a'	46.520354	6.568866	42.0	33
'84:7a:88:80:2d:60'	46.520354	6.568866	42.0	22
'dc:71:44:72:3a:8a'	46.520354	6.568866	42.0	33
'dc:71:44:72:3a:8a'	46.520354	6.568866	42.0	33
'dc:71:44:72:3a:8a'	46.520354	6.568866	42.0	34
'dc:71:44:72:3a:8a'	46.520354	6.568866	42.0	34
'dc:71:44:72:3a:8a'	46.520354	6.568866	42.0	34
'dc:71:44:72:3a:8a'	46.520354	6.568866	42.0	33
'dc:71:44:72:3a:8a'	46.520354	6.568866	42.0	33
'dc:71:44:72:3a:8a'	46.520354	6.568866	42.0	34
'dc:71:44:72:3a:8a'	46.520354	6.568866	42.0	32
'dc:71:44:72:3a:8a'	46.520354	6.568866	42.0	32
'dc:71:44:72:3a:8a'	46.520354	6.568866	42.0	33
'dc:71:44:72:3a:8a'	46.520354	6.568866	42.0	31
'dc:71:44:72:3a:8a'	46.520354	6.568866	42.0	34
'dc:71:44:72:3a:8a'	46.520354	6.568866	42.0	31
'dc:71:44:72:3a:8a'	46.520354	6.568866	42.0	31
'dc:71:44:72:3a:8a'	46.520354	6.568866	42.0	32
'dc:71:44:72:3a:8a'	46.520354	6.568866	42.0	34
'dc:71:44:72:3a:8a'	46.520354	6.568866	42.0	33
'dc:71:44:72:3a:8a'	46.520354	6.568866	42.0	33
'dc:71:44:72:3a:8a'	46.520354	6.568866	42.0	32
'dc:71:44:72:3a:8a'	46.520354	6.568866	42.0	31
'dc:71:44:72:3a:8a'	46.520354	6.568866	42.0	31
'dc:71:44:72:3a:8a'	46.520354	6.568866	42.0	32
'dc:71:44:72:3a:8a'	46.520354	6.568866	42.0	31
'dc:71:44:72:3a:8a'	46.520354	6.568866	42.0	32
'dc:71:44:72:3a:8a'	46.520354	6.568866	42.0	32
'dc:71:44:72:3a:8a'	46.520354	6.568866	42.0	33
'dc:71:44:72:3a:8a'	46.520354	6.568866	42.0	31
'dc:71:44:72:3a:8a'	46.520354	6.568866	42.0	32
'a0:88:b4:76:72:a4'	46.520354	6.568866	42.0	71
'a0:88:b4:76:72:a4'	46.520354	6.568866	42.0	69
'dc:71:44:72:3a:8a'	46.520354	6.568866	42.0	31
'dc:71:44:72:3a:8a'	46.520354	6.568866	42.0	32
'dc:71:44:72:3a:8a'	46.520354	6.568866	42.0	31
'dc:71:44:72:3a:8a'	46.520354	6.568866	42.0	30
'dc:71:44:72:3a:8a'	46.520354	6.568866	42.0	31
'dc:71:44:72:3a:8a'	46.520354	6.568866	42.0	32
'dc:71:44:72:3a:8a'	46.520354	6.568866	42.0	31
'dc:71:44:72:3a:8a'	46.520354	6.568866	42.0	31
'dc:71:44:72:3a:8a'	46.520354	6.568866	42.0	30
'dc:71:44:72:3a:8a'	46.520354	6.568866	42.0	32
'dc:71:44:72:3a:8a'	46.520354	6.568866	42.0	32
'dc:71:44:72:3a:8a'	46.520354	6.568866	42.0	33
'dc:71:44:72:3a:8a'	46.520354	6.568866	42.0	33
'dc:71:44:72:3a:8a'	46.520354	6.568866	42.0	32
'dc:71:44:72:3a:8a'	46.520354	6.568866	42.0	33
'dc:71:44:72:3a:8a'	46.520354	6.568866	42.0	33
'dc:71:44:72:3a:8a'	46.520354	6.568866	42.0	34
'dc:71:44:72:3a:8a'	46.520354	6.568866	42.0	32
'dc:71:44:72:3a:8a'	46.520354	6.568866	42.0	32
'dc:71:44:72:3a:8a'	46.520354	6.568866	42.0	32
'dc:71:44:72:3a:8a'	46.520354	6.568866	42.0	34
'dc:71:44:72:3a:8a'	46.520354	6.568866	42.0	33
'dc:71:44:72:3a:8a'	46.520354	6.568866	42.0	34
'dc:71:44:72:3a:8a'	46.520354	6.568866	42.0	31
'dc:71:44:72:3a:8a'	46.520354	6.568866	42.0	33
'dc:71:44:72:3a:8a'	46.520354	6.568866	42.0	31
'dc:71:44:72:3a:8a'	46.520354	6.568866	42.0	22
'dc:71:44:72:3a:8a'	46.520354	6.568866	42.0	30
'dc:71:44:72:3a:8a'	46.520354	6.568866	42.0	34
'dc:71:44:72:3a:8a'	46.520354	6.568866	42.0	31
'dc:71:44:72:3a:8a'	46.520354	6.568866	42.0	32
'dc:71:44:72:3a:8a'	46.520354	6.568866	42.0	32
'dc:71:44:72:3a:8a'	46.520354	6.568866	42.0	31
'dc:71:44:72:3a:8a'	46.520354	6.568866	42.0	33
'dc:71:44:72:3a:8a'	46.520354	6.568866	42.0	30
'dc:71:44:72:3a:8a'	46.520354	6.568866	42.0	33
'dc:71:44:72:3a:8a'	46.520354	6.568866	42.0	32
'dc:71:44:72:3a:8a'	46.520354	6.568866	42.0	33
'dc:71:44:72:3a:8a'	46.520354	6.568866	42.0	31
'dc:71:44:72:3a:8a'	46.520354	6.568866	42.0	32
'dc:71:44:72:3a:8a'	46.520354	6.568866	42.0	30
'dc:71:44:72:3a:8a'	46.520354	6.568866	42.0	33
'dc:71:44:72:3a:8a'	46.520354	6.568866	42.0	32
'dc:71:44:72:3a:8a'	46.520354	6.568866	42.0	33
'dc:71:44:72:3a:8a'	46.520354	6.568866	42.0	30
'dc:71:44:72:3a:8a'	46.520354	6.568866	42.0	32
'dc:71:44:72:3a:8a'	46.520354	6.568866	42.0	32
'dc:71:44:72:3a:8a'	46.520354	6.568866	42.0	33
'dc:71:44:72:3a:8a'	46.520354	6.568866	42.0	33
'dc:71:44:72:3a:8a'	46.520354	6.568866	42.0	34
'dc:71:44:72:3a:8a'	46.520354	6.568866	42.0	33
'dc:71:44:72:3a:8a'	46.520354	6.568866	42.0	34
'dc:71:44:72:3a:8a'	46.520354	6.568866	42.0	33
'dc:71:44:72:3a:8a'	46.520354	6.568866	42.0	33
'dc:71:44:72:3a:8a'	46.520354	6.568866	42.0	33
'dc:71:44:72:3a:8a'	46.520354	6.568866	42.0	33
'dc:71:44:72:3a:8a'	46.520354	6.568866	42.0	32
'dc:71:44:72:3a:8a'	46.520354	6.568866	42.0	34
'84:7a:88:80:2d:60'	46.520354	6.568866	42.0	18
'84:7a:88:80:2d:60'	46.520354	6.568866	42.0	21
'dc:71:44:72:3a:8a'	46.520354	6.568866	42.0	33
'dc:71:44:72:3a:8a'	46.520354	6.568866	42.0	33
'dc:71:44:72:3a:8a'	46.520354	6.568866	42.0	32
'dc:71:44:72:3a:8a'	46.520354	6.568866	42.0	33
'dc:71:44:72:3a:8a'	46.520354	6.568866	42.0	33
'dc:71:44:72:3a:8a'	46.520354	6.568866	42.0	33
'dc:71:44:72:3a:8a'	46.520354	6.568866	42.0	32
'dc:71:44:72:3a:8a'	46.520354	6.568866	42.0	33
'dc:71:44:72:3a:8a'	46.520354	6.568866	42.0	33
'dc:71:44:72:3a:8a'	46.520354	6.568866	42.0	34
'dc:71:44:72:3a:8a'	46.520354	6.568866	42.0	35
'dc:71:44:72:3a:8a'	46.520354	6.568866	42.0	33
'dc:71:44:72:3a:8a'	46.520354	6.568866	42.0	33
'dc:71:44:72:3a:8a'	46.520354	6.568866	42.0	33
'dc:71:44:72:3a:8a'	46.520354	6.568866	42.0	33
'dc:71:44:72:3a:8a'	46.520354	6.568866	42.0	34
'dc:71:44:72:3a:8a'	46.520354	6.568866	42.0	33
'dc:71:44:72:3a:8a'	46.520354	6.568866	42.0	34
'dc:71:44:72:3a:8a'	46.520354	6.568866	42.0	33
'dc:71:44:72:3a:8a'	46.520354	6.568866	42.0	34
'dc:71:44:72:3a:8a'	46.520354	6.568866	42.0	33
'dc:71:44:72:3a:8a'	46.520354	6.568866	42.0	34
'dc:71:44:72:3a:8a'	46.520354	6.568866	42.0	33
'dc:71:44:72:3a:8a'	46.520354	6.568866	42.0	32
'dc:71:44:72:3a:8a'	46.520354	6.568866	42.0	34
'dc:71:44:72:3a:8a'	46.520354	6.568866	42.0	32
'dc:71:44:72:3a:88'	46.520354	6.568866	42.0	34
'dc:71:44:72:3a:88'	46.520354	6.568866	42.0	33
'dc:71:44:72:3a:8a'	46.520354	6.568866	42.0	32
'dc:71:44:72:3a:8a'	46.520354	6.568866	42.0	33
'dc:71:44:72:3a:8a'	46.520354	6.568866	42.0	31
'a0:88:b4:76:72:a4'	46.520354	6.568866	42.0	71
'a0:88:b4:76:72:a4'	46.520354	6.568866	42.0	72
'a0:88:b4:76:72:a4'	46.520354	6.568866	42.0	16
'a0:88:b4:76:72:a4'	46.520354	6.568866	42.0	26
'dc:71:44:72:3a:8a'	46.520354	6.568866	42.0	32
'dc:71:44:72:3a:8a'	46.520354	6.568866	42.0	32
'dc:71:44:72:3a:8a'	46.520354	6.568866	42.0	34
'dc:71:44:72:3a:8a'	46.520354	6.568866	42.0	32
'dc:71:44:72:3a:8a'	46.520354	6.568866	42.0	32
'dc:71:44:72:3a:8a'	46.520354	6.568866	42.0	32
'dc:71:44:72:3a:8a'	46.520354	6.568866	42.0	34
'dc:71:44:72:3a:8a'	46.520354	6.568866	42.0	33
'dc:71:44:72:3a:8a'	46.520354	6.568866	42.0	32
'dc:71:44:72:3a:8a'	46.520354	6.568866	42.0	32
'dc:71:44:72:3a:8a'	46.520354	6.568866	42.0	31
'dc:71:44:72:3a:8a'	46.520354	6.568866	42.0	34
'dc:71:44:72:3a:8a'	46.520354	6.568866	42.0	31
'dc:71:44:72:3a:8a'	46.520354	6.568866	42.0	32
'dc:71:44:72:3a:8a'	46.520354	6.568866	42.0	33
'dc:71:44:72:3a:8a'	46.520354	6.568866	42.0	32
'dc:71:44:72:3a:8a'	46.520354	6.568866	42.0	32
'84:7a:88:80:2d:60'	46.520354	6.568866	42.0	25
'84:7a:88:80:2d:60'	46.520354	6.568866	42.0	25
'dc:71:44:72:3a:8a'	46.520354	6.568866	42.0	32
'dc:71:44:5e:c6:c9'	46.520354	6.568866	42.0	27
'dc:71:44:72:3a:8a'	46.520354	6.568866	42.0	32
'dc:71:44:72:3a:8a'	46.520354	6.568866	42.0	32
'dc:71:44:72:3a:8a'	46.520354	6.568866	42.0	30
'dc:71:44:72:3a:8a'	46.520354	6.568866	42.0	31
'dc:71:44:72:3a:8a'	46.520354	6.568866	42.0	31
'dc:71:44:72:3a:8a'	46.520354	6.568866	42.0	32
'51:69:72:cb:3e:b3'	46.520354	6.568866	42.0	18
'dc:71:44:72:3a:8a'	46.520354	6.568866	42.0	32
'dc:71:44:72:3a:8a'	46.520354	6.568866	42.0	30
'dc:71:44:72:3a:8a'	46.520354	6.568866	42.0	32
'dc:71:44:72:3a:8a'	46.520354	6.568866	42.0	33
'60:21:c0:51:f9:08'	46.520354	6.568866	42.0	27
'60:21:c0:51:f9:08'	46.520354	6.568866	42.0	27
'60:21:c0:51:f9:08'	46.520354	6.568866	42.0	27
'dc:71:44:72:3a:8a'	46.520354	6.568866	42.0	34
'62:2f:b3:7c:9f:b3'	46.520354	6.568866	42.0	22
'dc:71:44:72:3a:8a'	46.520354	6.568866	42.0	29
'dc:71:44:72:3a:8a'	46.520354	6.568866	42.0	31
'dc:71:44:72:3a:8a'	46.520354	6.568866	42.0	31
'dc:71:44:72:3a:8a'	46.520354	6.568866	42.0	31
'dc:71:44:72:3a:8a'	46.520354	6.568866	42.0	32
'dc:71:44:72:3a:8a'	46.520354	6.568866	42.0	32
'dc:71:44:72:3a:8a'	46.520354	6.568866	42.0	31
'dc:71:44:72:3a:8a'	46.520354	6.568866	42.0	33
'dc:71:44:72:3a:8a'	46.520354	6.568866	42.0	33
'dc:71:44:72:3a:8a'	46.520354	6.568866	42.0	32
'dc:71:44:72:3a:8a'	46.520354	6.568866	42.0	31
'dc:71:44:72:3a:8a'	46.520354	6.568866	42.0	29
'dc:71:44:72:3a:8a'	46.520354	6.568866	42.0	33
'dc:71:44:72:3a:8a'	46.520354	6.568866	42.0	32
'dc:71:44:72:3a:88'	46.520354	6.568866	42.0	31
'dc:71:44:72:3a:88'	46.520354	6.568866	42.0	33
'dc:71:44:72:3a:8a'	46.520354	6.568866	42.0	32
'dc:71:44:72:3a:8a'	46.520354	6.568866	42.0	31
'dc:71:44:72:3a:8a'	46.520354	6.568866	42.0	33
'dc:71:44:72:3a:8a'	46.520354	6.568866	42.0	32
'dc:71:44:72:3a:8a'	46.520354	6.568866	42.0	32
'dc:71:44:72:3a:8a'	46.520354	6.568866	42.0	32
'dc:71:44:72:3a:8a'	46.520354	6.568866	42.0	32
'dc:71:44:72:3a:8a'	46.520354	6.568866	42.0	31
'dc:71:44:72:3a:8a'	46.520354	6.568866	42.0	32
'dc:71:44:72:3a:8a'	46.520354	6.568866	42.0	33
'dc:71:44:72:3a:8a'	46.520354	6.568866	42.0	32
'dc:71:44:72:3a:8a'	46.520354	6.568866	42.0	31
'dc:71:44:72:3a:8a'	46.520354	6.568866	42.0	33
'84:7a:88:80:2d:60'	46.520354	6.568866	42.0	23
'dc:71:44:72:3a:8a'	46.520354	6.568866	42.0	33
'dc:71:44:72:3a:8a'	46.520354	6.568866	42.0	22
'dc:71:44:72:3a:8a'	46.520354	6.568866	42.0	32
'dc:71:44:72:3a:8a'	46.520354	6.568866	42.0	31
'dc:71:44:72:3a:8a'	46.520354	6.568866	42.0	31
'dc:71:44:72:3a:8a'	46.520354	6.568866	42.0	33
'dc:71:44:72:3a:8a'	46.520354	6.568866	42.0	31
'dc:71:44:72:3a:8a'	46.520354	6.568866	42.0	33
'dc:71:44:72:3a:8a'	46.520354	6.568866	42.0	30
'dc:71:44:72:3a:8a'	46.520354	6.568866	42.0	32
'dc:71:44:72:3a:8a'	46.520354	6.568866	42.0	31
'dc:71:44:72:3a:8a'	46.520354	6.568866	42.0	31
'dc:71:44:72:3a:8a'	46.520354	6.568866	42.0	31
'dc:71:44:72:3a:8a'	46.520354	6.568866	42.0	34
'dc:71:44:72:3a:8a'	46.520354	6.568866	42.0	31
'dc:71:44:72:3a:8a'	46.520354	6.568866	42.0	32
'dc:71:44:72:3a:8a'	46.520354	6.568866	42.0	32
'dc:71:44:72:3a:8a'	46.520354	6.568866	42.0	31
'dc:71:44:72:3a:8a'	46.520354	6.568866	42.0	32
'dc:71:44:72:3a:8a'	46.520354	6.568866	42.0	32
'dc:71:44:72:3a:8a'	46.520354	6.568866	42.0	33
'dc:71:44:72:3a:8a'	46.520354	6.568866	42.0	32
'dc:71:44:72:3a:8a'	46.520354	6.568866	42.0	32
'dc:71:44:72:3a:8a'	46.520354	6.568866	42.0	33
'dc:71:44:72:3a:8a'	46.520354	6.568866	42.0	32
'dc:71:44:72:3a:8a'	46.520354	6.568866	42.0	32
'dc:71:44:72:3a:8a'	46.520354	6.568866	42.0	32
'dc:71:44:72:3a:8a'	46.520354	6.568866	42.0	33
'a0:88:b4:76:72:a4'	46.520354	6.568866	42.0	73
'dc:71:44:72:3a:88'	46.520354	6.568866	42.0	32
'dc:71:44:72:3a:8a'	46.520354	6.568866	42.0	33
'dc:71:44:72:3a:8a'	46.520354	6.568866	42.0	34
'dc:71:44:72:3a:8a'	46.520354	6.568866	42.0	32
'dc:71:44:72:3a:8a'	46.520354	6.568866	42.0	32
'dc:71:44:72:3a:8a'	46.520354	6.568866	42.0	32
'db:b2:e9:0f:b8:19'	46.520354	6.568866	42.0	45
'1f:c1:fd:c9:2b:9f'	46.520354	6.568866	42.0	26
'dc:71:44:72:3a:8a'	46.520354	6.568866	42.0	33
'dc:71:44:72:3a:8a'	46.520354	6.568866	42.0	30
'dc:71:44:72:3a:8a'	46.520354	6.568866	42.0	17
'dc:71:44:72:3a:8a'	46.520354	6.568866	42.0	33
'dc:71:44:72:3a:8a'	46.520354	6.568866	42.0	31
'dc:71:44:72:3a:8a'	46.520354	6.568866	42.0	32
'dc:71:44:72:3a:8a'	46.520354	6.568866	42.0	32
'84:7a:88:80:2d:60'	46.520354	6.568866	42.0	29
'dc:71:44:72:3a:8a'	46.520354	6.568866	42.0	33
'dc:71:44:72:3a:8a'	46.520354	6.568866	42.0	31
'dc:71:44:72:3a:8a'	46.520354	6.568866	42.0	30
'dc:71:44:72:3a:8a'	46.520354	6.568866	42.0	31
'dc:71:44:72:3a:8a'	46.520354	6.568866	42.0	31
'dc:71:44:72:3a:8a'	46.520354	6.568866	42.0	32
'dc:71:44:72:3a:8a'	46.520354	6.568866	42.0	32
'dc:71:44:72:3a:8a'	46.520354	6.568866	42.0	31
'dc:71:44:72:3a:8a'	46.520354	6.568866	42.0	32
'dc:71:44:72:3a:8a'	46.520354	6.568866	42.0	30
'dc:71:44:72:3a:8a'	46.520354	6.568866	42.0	32
'dc:71:44:72:3a:8a'	46.520354	6.568866	42.0	33
'dc:71:44:72:3a:8a'	46.520354	6.568866	42.0	31
'dc:71:44:72:3a:8a'	46.520354	6.568866	42.0	31
'dc:71:44:72:3a:8a'	46.520354	6.568866	42.0	32
'dc:71:44:72:3a:8a'	46.520354	6.568866	42.0	33
'dc:71:44:72:3a:8a'	46.520354	6.568866	42.0	32
'dc:71:44:72:3a:8a'	46.520354	6.568866	42.0	32
'dc:71:44:72:3a:8a'	46.520354	6.568866	42.0	32
'dc:71:44:72:3a:8a'	46.520354	6.568866	42.0	30
'dc:71:44:72:3a:8a'	46.520354	6.568866	42.0	31
'dc:71:44:72:3a:8a'	46.520354	6.568866	42.0	31
'dc:71:44:72:3a:8a'	46.520354	6.568866	42.0	33
'dc:71:44:72:3a:8a'	46.520354	6.568866	42.0	32
'dc:71:44:72:3a:8a'	46.520354	6.568866	42.0	31
'dc:71:44:72:3a:8a'	46.520354	6.568866	42.0	33
'dc:71:44:72:3a:8a'	46.520354	6.568866	42.0	38
'dc:71:44:72:3a:8a'	46.520354	6.568866	42.0	35
'dc:71:44:72:3a:8a'	46.520354	6.568866	42.0	37
'dc:71:44:72:3a:8a'	46.520354	6.568866	42.0	32
'dc:71:44:72:3a:8a'	46.520354	6.568866	42.0	32
'dc:71:44:72:3a:8a'	46.520354	6.568866	42.0	32
'dc:71:44:72:3a:88'	46.520354	6.568866	42.0	32
'dc:71:44:72:3a:88'	46.520354	6.568866	42.0	30
'dc:71:44:72:3a:8a'	46.520354	6.568866	42.0	30
'dc:71:44:72:3a:8a'	46.520354	6.568866	42.0	31
'dc:71:44:72:3a:8a'	46.520354	6.568866	42.0	32
'dc:71:44:72:3a:8a'	46.520354	6.568866	42.0	31
'dc:71:44:72:3a:8a'	46.520354	6.568866	42.0	32
'dc:71:44:72:3a:8a'	46.520354	6.568866	42.0	33
'dc:71:44:72:3a:8a'	46.520354	6.568866	42.0	32
'dc:71:44:72:3a:8a'	46.520354	6.568866	42.0	32
'dc:71:44:72:3a:8a'	46.520354	6.568866	42.0	34
'dc:71:44:72:3a:8a'	46.520354	6.568866	42.0	32
'84:7a:88:80:2d:60'	46.520354	6.568866	42.0	21
'dc:71:44:72:3a:8a'	46.520354	6.568866	42.0	32
'dc:71:44:72:3a:8a'	46.520354	6.568866	42.0	33
'dc:71:44:72:3a:8a'	46.520354	6.568866	42.0	34
'dc:71:44:72:3a:8a'	46.520354	6.568866	42.0	12
'dc:71:44:72:3a:8a'	46.520354	6.568866	42.0	14
'dc:71:44:72:3a:8a'	46.520354	6.568866	42.0	33
'dc:71:44:72:3a:8a'	46.520354	6.568866	42.0	32
'dc:71:44:72:3a:8a'	46.520354	6.568866	42.0	28
'dc:71:44:72:3a:8a'	46.520354	6.568866	42.0	34
'dc:71:44:72:3a:8a'	46.520354	6.568866	42.0	32
'dc:71:44:72:3a:8a'	46.520354	6.568866	42.0	31
'dc:71:44:72:3a:8a'	46.520354	6.568866	42.0	33
'dc:71:44:72:3a:8a'	46.520354	6.568866	42.0	32
'dc:71:44:72:3a:8a'	46.520354	6.568866	42.0	33
'dc:71:44:72:3a:8a'	46.520354	6.568866	42.0	31
'dc:71:44:72:3a:8a'	46.520354	6.568866	42.0	31
'dc:71:44:72:3a:8a'	46.520354	6.568866	42.0	23
'dc:71:44:72:3a:8a'	46.520354	6.568866	42.0	33
'dc:71:44:72:3a:8a'	46.520354	6.568866	42.0	30
'dc:71:44:72:3a:8a'	46.520354	6.568866	42.0	33
'69:c9:7d:29:04:b6'	46.520354	6.568866	42.0	16
'dc:71:44:72:3a:8a'	46.520354	6.568866	42.0	30
'dc:71:44:72:3a:8a'	46.520354	6.568866	42.0	33
'dc:71:44:72:3a:8a'	46.520354	6.568866	42.0	33
'dc:71:44:72:3a:8a'	46.520354	6.568866	42.0	30
'dc:71:44:72:3a:8a'	46.520354	6.568866	42.0	32
'dc:71:44:72:3a:8a'	46.520354	6.568866	42.0	32
'dc:71:44:72:3a:8a'	46.520354	6.568866	42.0	31
'dc:71:44:72:3a:8a'	46.520354	6.568866	42.0	31
'a0:88:b4:76:72:a4'	46.520354	6.568866	42.0	72
'a0:88:b4:76:72:a4'	46.520354	6.568866	42.0	71
'dc:71:44:72:3a:8a'	46.520354	6.568866	42.0	31
'dc:71:44:72:3a:8a'	46.520354	6.568866	42.0	33
'dc:71:44:72:3a:8a'	46.520354	6.568866	42.0	32
'dc:71:44:72:3a:88'	46.520354	6.568866	42.0	34
'dc:71:44:72:3a:88'	46.520354	6.568866	42.0	33
'dc:71:44:72:3a:8a'	46.520354	6.568866	42.0	34
'dc:71:44:72:3a:8a'	46.520354	6.568866	42.0	32
'dc:71:44:72:3a:8a'	46.520354	6.568866	42.0	32
'dc:71:44:72:3a:8a'	46.520354	6.568866	42.0	33
'dc:71:44:72:3a:8a'	46.520354	6.568866	42.0	33
'dc:71:44:72:3a:8a'	46.520354	6.568866	42.0	32
'dc:71:44:72:3a:8a'	46.520354	6.568866	42.0	28
'dc:71:44:72:3a:8a'	46.520354	6.568866	42.0	31
'84:7a:88:80:2d:60'	46.520354	6.568866	42.0	24
'84:7a:88:80:2d:60'	46.520354	6.568866	42.0	23
'dc:71:44:72:3a:8a'	46.520354	6.568866	42.0	32
'dc:71:44:72:3a:8a'	46.520354	6.568866	42.0	33
'dc:71:44:72:3a:8a'	46.520354	6.568866	42.0	33
'dc:71:44:72:3a:8a'	46.520354	6.568866	42.0	32
'dc:71:44:72:3a:8a'	46.520354	6.568866	42.0	31
'dc:71:44:72:3a:8a'	46.520354	6.568866	42.0	32
'dc:71:44:72:3a:8a'	46.520354	6.568866	42.0	31
'dc:71:44:72:3a:8a'	46.520354	6.568866	42.0	33
'dc:71:44:72:3a:8a'	46.520354	6.568866	42.0	30
'dc:71:44:72:3a:8a'	46.520354	6.568866	42.0	28
'dc:71:44:72:3a:8a'	46.520354	6.568866	42.0	32
'dc:71:44:72:3a:8a'	46.520354	6.568866	42.0	31
'dc:71:44:72:3a:8a'	46.520354	6.568866	42.0	30
'dc:71:44:72:3a:8a'	46.520354	6.568866	42.0	31
'dc:71:44:72:3a:8a'	46.520354	6.568866	42.0	30
'dc:71:44:72:3a:8a'	46.520354	6.568866	42.0	32
'dc:71:44:72:3a:8a'	46.520354	6.568866	42.0	32
'dc:71:44:72:3a:8a'	46.520354	6.568866	42.0	31
'dc:71:44:72:3a:8a'	46.520354	6.568866	42.0	32
'dc:71:44:72:3a:8a'	46.520354	6.568866	42.0	32
'dc:71:44:72:3a:8a'	46.520354	6.568866	42.0	32
'dc:71:44:72:3a:8a'	46.520354	6.568866	42.0	29
'dc:71:44:72:3a:8a'	46.520354	6.568866	42.0	30
'dc:71:44:72:3a:8a'	46.520354	6.568866	42.0	31
'dc:71:44:72:3a:8a'	46.520354	6.568866	42.0	29
'dc:71:44:72:3a:8a'	46.520354	6.568866	42.0	31
'dc:71:44:72:3a:8a'	46.520354	6.568866	42.0	30
'dc:71:44:72:3a:8a'	46.520354	6.568866	42.0	29
'dc:71:44:72:3a:8a'	46.520354	6.568866	42.0	32
'dc:71:44:72:3a:8a'	46.520354	6.568866	42.0	30
'dc:71:44:72:3a:8a'	46.520354	6.568866	42.0	31
'dc:71:44:72:3a:8a'	46.520354	6.568866	42.0	28
'dc:71:44:72:3a:8a'	46.520354	6.568866	42.0	30
'dc:71:44:72:3a:8a'	46.520354	6.568866	42.0	33
'dc:71:44:72:3a:88'	46.520354	6.568866	42.0	32
'dc:71:44:72:3a:88'	46.520354	6.568866	42.0	32
'60:21:c0:51:f9:08'	46.520354	6.568866	42.0	26
'dc:71:44:72:3a:8a'	46.520354	6.568866	42.0	30
'dc:71:44:72:3a:8a'	46.520354	6.568866	42.0	29
'dc:71:44:72:3a:8a'	46.520354	6.568866	42.0	29
'dc:71:44:72:3a:8a'	46.520354	6.568866	42.0	32
'dc:71:44:5e:c6:c9'	46.520354	6.568866	42.0	21
'dc:71:44:72:3a:8a'	46.520354	6.568866	42.0	31
'dc:71:44:72:3a:8a'	46.520354	6.568866	42.0	33
'dc:71:44:72:3a:8a'	46.520354	6.568866	42.0	31
'dc:71:44:72:3a:8a'	46.520354	6.568866	42.0	29
'dc:71:44:72:3a:8a'	46.520354	6.568866	42.0	30
'dc:71:44:72:3a:8a'	46.520354	6.568866	42.0	30
'dc:71:44:72:3a:8a'	46.520354	6.568866	42.0	31
'dc:71:44:72:3a:8a'	46.520354	6.568866	42.0	28
'dc:71:44:72:3a:8a'	46.520354	6.568866	42.0	32
'dc:71:44:72:3a:8a'	46.520354	6.568866	42.0	30
'dc:71:44:72:3a:8a'	46.520354	6.568866	42.0	31
'dc:71:44:72:3a:8a'	46.520354	6.568866	42.0	30
'dc:71:44:72:3a:8a'	46.520354	6.568866	42.0	30
'dc:71:44:72:3a:8a'	46.520354	6.568866	42.0	29
'dc:71:44:72:3a:8a'	46.520354	6.568866	42.0	31
'dc:71:44:72:3a:8a'	46.520354	6.568866	42.0	28
'dc:71:44:72:3a:8a'	46.520354	6.568866	42.0	30
'dc:71:44:72:3a:8a'	46.520354	6.568866	42.0	31
'dc:71:44:72:3a:8a'	46.520354	6.568866	42.0	32
'dc:71:44:72:3a:8a'	46.520354	6.568866	42.0	31
'dc:71:44:72:3a:8a'	46.520354	6.568866	42.0	31
'dc:71:44:72:3a:8a'	46.520354	6.568866	42.0	30
'dc:71:44:72:3a:8a'	46.520354	6.568866	42.0	30
'dc:71:44:72:3a:8a'	46.520354	6.568866	42.0	30
'dc:71:44:72:3a:8a'	46.520354	6.568866	42.0	31
'dc:71:44:72:3a:8a'	46.520354	6.568866	42.0	29
'dc:71:44:72:3a:8a'	46.520354	6.568866	42.0	32
'dc:71:44:72:3a:8a'	46.520354	6.568866	42.0	30
'dc:71:44:72:3a:8a'	46.520354	6.568866	42.0	32
'dc:71:44:72:3a:8a'	46.520354	6.568866	42.0	33
'dc:71:44:72:3a:8a'	46.520354	6.568866	42.0	30
'dc:71:44:72:3a:8a'	46.520354	6.568866	42.0	32
'a0:88:b4:76:72:a4'	46.520354	6.568866	42.0	65
'a0:88:b4:76:72:a4'	46.520354	6.568866	42.0	65
'a0:88:b4:76:72:a4'	46.520354	6.568866	42.0	23
'dc:71:44:72:3a:8a'	46.520354	6.568866	42.0	30
'dc:71:44:72:3a:8a'	46.520354	6.568866	42.0	31
'dc:71:44:72:3a:8a'	46.520354	6.568866	42.0	28
'dc:71:44:72:3a:8a'	46.520354	6.568866	42.0	31
'dc:71:44:72:3a:8a'	46.520354	6.568866	42.0	32
'dc:71:44:72:3a:8a'	46.520354	6.568866	42.0	29
'dc:71:44:72:3a:8a'	46.520354	6.568866	42.0	31
'dc:71:44:72:3a:8a'	46.520354	6.568866	42.0	32
'dc:71:44:72:3a:88'	46.520354	6.568866	42.0	32
'dc:71:44:72:3a:88'	46.520354	6.568866	42.0	32
'dc:71:44:72:3a:8a'	46.520354	6.568866	42.0	31
'dc:71:44:72:3a:8a'	46.520354	6.568866	42.0	31
'dc:71:44:72:3a:8a'	46.520354	6.568866	42.0	32
'dc:71:44:72:3a:8a'	46.520354	6.568866	42.0	31
'dc:71:44:72:3a:8a'	46.520354	6.568866	42.0	32
'dc:71:44:72:3a:8a'	46.520354	6.568866	42.0	31
'dc:71:44:72:3a:8a'	46.520354	6.568866	42.0	30
'dc:71:44:72:3a:8a'	46.520354	6.568866	42.0	32
'38:aa:3c:c3:07:82'	46.520354	6.568866	42.0	28
'38:aa:3c:c3:07:82'	46.520354	6.568866	42.0	30
'dc:71:44:72:3a:8a'	46.520354	6.568866	42.0	32
'dc:71:44:72:3a:8a'	46.520354	6.568866	42.0	29
'dc:71:44:72:3a:8a'	46.520354	6.568866	42.0	31
'dc:71:44:72:3a:8a'	46.520354	6.568866	42.0	33
'dc:71:44:72:3a:8a'	46.520354	6.568866	42.0	29
'dc:71:44:72:3a:8a'	46.520354	6.568866	42.0	31
'dc:71:44:72:3a:8a'	46.520354	6.568866	42.0	28
'dc:71:44:72:3a:8a'	46.520354	6.568866	42.0	33
'dc:71:44:72:3a:8a'	46.520354	6.568866	42.0	32
'dc:71:44:72:3a:8a'	46.520354	6.568866	42.0	31
'dc:71:44:72:3a:8a'	46.520354	6.568866	42.0	29
'dc:71:44:72:3a:8a'	46.520354	6.568866	42.0	31
'dc:71:44:72:3a:8a'	46.520354	6.568866	42.0	29
'dc:71:44:72:3a:8a'	46.520354	6.568866	42.0	31
'dc:71:44:72:3a:8a'	46.520354	6.568866	42.0	31
'dc:71:44:72:3a:8a'	46.520354	6.568866	42.0	32
'dc:71:44:72:3a:8a'	46.520354	6.568866	42.0	30
'dc:71:44:72:3a:8a'	46.520354	6.568866	42.0	31
'dc:71:44:72:3a:8a'	46.520354	6.568866	42.0	30
'dc:71:44:72:3a:8a'	46.520354	6.568866	42.0	31
'dc:71:44:72:3a:8a'	46.520354	6.568866	42.0	30
'dc:71:44:72:3a:8a'	46.520354	6.568866	42.0	30
'dc:71:44:72:3a:8a'	46.520354	6.568866	42.0	31
'dc:71:44:72:3a:8a'	46.520354	6.568866	42.0	32
'dc:71:44:72:3a:8a'	46.520354	6.568866	42.0	29
'dc:71:44:72:3a:8a'	46.520354	6.568866	42.0	31
'bc:52:b7:2e:65:53'	46.520354	6.568866	42.0	27
'dc:71:44:72:3a:8a'	46.520354	6.568866	42.0	31
'dc:71:44:72:3a:8a'	46.520354	6.568866	42.0	30
'dc:71:44:72:3a:8a'	46.520354	6.568866	42.0	31
'dc:71:44:72:3a:8a'	46.520354	6.568866	42.0	31
'dc:71:44:72:3a:8a'	46.520354	6.568866	42.0	29
'dc:71:44:72:3a:8a'	46.520354	6.568866	42.0	29
'dc:71:44:72:3a:8a'	46.520354	6.568866	42.0	31
'dc:71:44:72:3a:8a'	46.520354	6.568866	42.0	31
'dc:71:44:72:3a:8a'	46.520354	6.568866	42.0	27
'dc:71:44:72:3a:8a'	46.520354	6.568866	42.0	31
'dc:71:44:72:3a:8a'	46.520354	6.568866	42.0	32
'dc:71:44:72:3a:88'	46.520354	6.568866	42.0	33
'dc:71:44:72:3a:88'	46.520354	6.568866	42.0	29
'dc:71:44:72:3a:8a'	46.520354	6.568866	42.0	32
'dc:71:44:72:3a:8a'	46.520354	6.568866	42.0	33
'dc:71:44:72:3a:8a'	46.520354	6.568866	42.0	31
'dc:71:44:72:3a:8a'	46.520354	6.568866	42.0	32
'dc:71:44:72:3a:8a'	46.520354	6.568866	42.0	33
'dc:71:44:72:3a:8a'	46.520354	6.568866	42.0	33
'dc:71:44:72:3a:8a'	46.520354	6.568866	42.0	32
'dc:71:44:72:3a:8a'	46.520354	6.568866	42.0	32
'dc:71:44:72:3a:8a'	46.520354	6.568866	42.0	32
'dc:71:44:72:3a:8a'	46.520354	6.568866	42.0	29
'dc:71:44:72:3a:8a'	46.520354	6.568866	42.0	32
'dc:71:44:72:3a:8a'	46.520354	6.568866	42.0	32
'dc:71:44:72:3a:8a'	46.520354	6.568866	42.0	32
'84:7a:88:80:2d:60'	46.520354	6.568866	42.0	24
'dc:71:44:72:3a:8a'	46.520354	6.568866	42.0	33
'dc:71:44:72:3a:8a'	46.520354	6.568866	42.0	30
'dc:71:44:72:3a:8a'	46.520354	6.568866	42.0	31
'dc:71:44:72:3a:8a'	46.520354	6.568866	42.0	30
'dc:71:44:72:3a:8a'	46.520354	6.568866	42.0	31
'dc:71:44:72:3a:8a'	46.520354	6.568866	42.0	32
'dc:71:44:72:3a:8a'	46.520354	6.568866	42.0	32
'dc:71:44:72:3a:8a'	46.520354	6.568866	42.0	31
'dc:71:44:72:3a:8a'	46.520354	6.568866	42.0	31
'dc:71:44:72:3a:8a'	46.520354	6.568866	42.0	32
'dc:71:44:72:3a:8a'	46.520354	6.568866	42.0	31
'dc:71:44:72:3a:8a'	46.520354	6.568866	42.0	31
'dc:71:44:72:3a:8a'	46.520354	6.568866	42.0	30
'dc:71:44:72:3a:8a'	46.520354	6.568866	42.0	31
'dc:71:44:72:3a:8a'	46.520354	6.568866	42.0	31
'dc:71:44:72:3a:8a'	46.520354	6.568866	42.0	32
'a0:88:b4:76:72:a4'	46.520354	6.568866	42.0	76
'a0:88:b4:76:72:a4'	46.520354	6.568866	42.0	76
'dc:71:44:72:3a:8a'	46.520354	6.568866	42.0	32
'a0:88:b4:76:72:a4'	46.520354	6.568866	42.0	25
'dc:71:44:72:3a:8a'	46.520354	6.568866	42.0	32
'dc:71:44:72:3a:8a'	46.520354	6.568866	42.0	32
'dc:71:44:72:3a:8a'	46.520354	6.568866	42.0	31
'dc:71:44:72:3a:8a'	46.520354	6.568866	42.0	32
'dc:71:44:72:3a:8a'	46.520354	6.568866	42.0	30
'dc:71:44:72:3a:8a'	46.520354	6.568866	42.0	33
'dc:71:44:72:3a:8a'	46.520354	6.568866	42.0	32
'dc:71:44:72:3a:8a'	46.520354	6.568866	42.0	32
'dc:71:44:72:3a:8a'	46.520354	6.568866	42.0	32
'dc:71:44:72:3a:8a'	46.520354	6.568866	42.0	30
'dc:71:44:72:3a:8a'	46.520354	6.568866	42.0	31
'dc:71:44:72:3a:8a'	46.520354	6.568866	42.0	32
'dc:71:44:72:3a:8a'	46.520354	6.568866	42.0	30
'dc:71:44:72:3a:8a'	46.520354	6.568866	42.0	29
'dc:71:44:72:3a:8a'	46.520354	6.568866	42.0	32
'bc:52:b7:2e:65:53'	46.520354	6.568866	42.0	27
'bc:52:b7:2e:65:53'	46.520354	6.568866	42.0	28
'dc:71:44:72:3a:88'	46.520354	6.568866	42.0	32
'dc:71:44:72:3a:88'	46.520354	6.568866	42.0	32
'dc:71:44:72:3a:8a'	46.520354	6.568866	42.0	32
'dc:71:44:72:3a:8a'	46.520354	6.568866	42.0	32
'dc:71:44:72:3a:8a'	46.520354	6.568866	42.0	32
'dc:71:44:72:3a:8a'	46.520354	6.568866	42.0	33
'dc:71:44:72:3a:8a'	46.520354	6.568866	42.0	32
'dc:71:44:72:3a:8a'	46.520354	6.568866	42.0	31
'dc:71:44:72:3a:8a'	46.520354	6.568866	42.0	30
'dc:71:44:72:3a:8a'	46.520354	6.568866	42.0	30
'dc:71:44:72:3a:8a'	46.520354	6.568866	42.0	30
'dc:71:44:72:3a:8a'	46.520354	6.568866	42.0	31
'dc:71:44:72:3a:8a'	46.520354	6.568866	42.0	29
'dc:71:44:72:3a:8a'	46.520354	6.568866	42.0	31
'dc:71:44:72:3a:8a'	46.520354	6.568866	42.0	29
'dc:71:44:72:3a:8a'	46.520354	6.568866	42.0	31
'dc:71:44:72:3a:8a'	46.520354	6.568866	42.0	30
'dc:71:44:72:3a:8a'	46.520354	6.568866	42.0	31
'dc:71:44:72:3a:8a'	46.520354	6.568866	42.0	31
'dc:71:44:72:3a:8a'	46.520354	6.568866	42.0	32
'dc:71:44:72:3a:8a'	46.520354	6.568866	42.0	32
'dc:71:44:72:3a:8a'	46.520354	6.568866	42.0	31
'dc:71:44:72:3a:8a'	46.520354	6.568866	42.0	31
'dc:71:44:72:3a:8a'	46.520354	6.568866	42.0	32
'dc:71:44:72:3a:8a'	46.520354	6.568866	42.0	31
'dc:71:44:72:3a:8a'	46.520354	6.568866	42.0	31
'dc:71:44:72:3a:8a'	46.520354	6.568866	42.0	32
'dc:71:44:72:3a:8a'	46.520354	6.568866	42.0	32
'dc:71:44:72:3a:8a'	46.520354	6.568866	42.0	32
'dc:71:44:72:3a:8a'	46.520354	6.568866	42.0	31
'dc:71:44:72:3a:8a'	46.520354	6.568866	42.0	32
'dc:71:44:72:3a:8a'	46.520354	6.568866	42.0	31
'dc:71:44:72:3a:8a'	46.520354	6.568866	42.0	31
'dc:71:44:72:3a:8a'	46.520354	6.568866	42.0	30
'dc:71:44:72:3a:8a'	46.520354	6.568866	42.0	32
'dc:71:44:72:3a:8a'	46.520354	6.568866	42.0	31
'dc:71:44:72:3a:8a'	46.520354	6.568866	42.0	31
'dc:71:44:72:3a:8a'	46.520354	6.568866	42.0	32
'dc:71:44:72:3a:8a'	46.520354	6.568866	42.0	32
'dc:71:44:72:3a:8a'	46.520354	6.568866	42.0	30
'dc:71:44:72:3a:8a'	46.520354	6.568866	42.0	31
'dc:71:44:72:3a:8a'	46.520354	6.568866	42.0	32
'dc:71:44:72:3a:8a'	46.520354	6.568866	42.0	31
'dc:71:44:72:3a:8a'	46.520354	6.568866	42.0	31
'dc:71:44:72:3a:8a'	46.520354	6.568866	42.0	32
'dc:71:44:72:3a:8a'	46.520354	6.568866	42.0	32
'dc:71:44:72:3a:8a'	46.520354	6.568866	42.0	31
'dc:71:44:72:3a:8a'	46.520354	6.568866	42.0	32
'dc:71:44:72:3a:88'	46.520354	6.568866	42.0	32
'dc:71:44:72:3a:88'	46.520354	6.568866	42.0	32
'dc:71:44:72:3a:88'	46.520354	6.568866	42.0	27
'dc:71:44:72:3a:8a'	46.520354	6.568866	42.0	32
'dc:71:44:72:3a:8a'	46.520354	6.568866	42.0	32
'dc:71:44:72:3a:8a'	46.520354	6.568866	42.0	30
'dc:71:44:72:3a:8a'	46.520354	6.568866	42.0	31
'dc:71:44:72:3a:8a'	46.520354	6.568866	42.0	31
'dc:71:44:72:3a:8a'	46.520354	6.568866	42.0	31
'dc:71:44:72:3a:8a'	46.520354	6.568866	42.0	31
'dc:71:44:72:3a:8a'	46.520354	6.568866	42.0	32
'dc:71:44:72:3a:8a'	46.520354	6.568866	42.0	31
'dc:71:44:72:3a:8a'	46.520354	6.568866	42.0	33
'dc:71:44:72:3a:8a'	46.520354	6.568866	42.0	32
'dc:71:44:72:3a:8a'	46.520354	6.568866	42.0	30
'dc:71:44:72:3a:8a'	46.520354	6.568866	42.0	31
'dc:71:44:72:3a:8a'	46.520354	6.568866	42.0	32
'dc:71:44:72:3a:8a'	46.520354	6.568866	42.0	30
'dc:71:44:72:3a:8a'	46.520354	6.568866	42.0	33
'dc:71:44:72:3a:8a'	46.520354	6.568866	42.0	33
'dc:71:44:72:3a:8a'	46.520354	6.568866	42.0	32
'dc:71:44:72:3a:8a'	46.520354	6.568866	42.0	31
'dc:71:44:72:3a:8a'	46.520354	6.568866	42.0	31
'a0:88:b4:76:72:a4'	46.520354	6.568866	42.0	68
'a0:88:b4:76:72:a4'	46.520354	6.568866	42.0	69
'dc:71:44:72:3a:8a'	46.520354	6.568866	42.0	33
'dc:71:44:72:3a:8a'	46.520354	6.568866	42.0	31
'dc:71:44:72:3a:8a'	46.520354	6.568866	42.0	31
'60:21:c0:51:f9:08'	46.520354	6.568866	42.0	27
'60:21:c0:51:f9:08'	46.520354	6.568866	42.0	26
'dc:71:44:72:3a:8a'	46.520354	6.568866	42.0	32
'dc:71:44:72:3a:8a'	46.520354	6.568866	42.0	33
'dc:71:44:72:3a:8a'	46.520354	6.568866	42.0	31
'dc:71:44:72:3a:8a'	46.520354	6.568866	42.0	30
'dc:71:44:72:3a:8a'	46.520354	6.568866	42.0	31
'dc:71:44:72:3a:8a'	46.520354	6.568866	42.0	32
'dc:71:44:72:3a:8a'	46.520354	6.568866	42.0	31
'dc:71:44:72:3a:8a'	46.520354	6.568866	42.0	31
'dc:71:44:72:3a:8a'	46.520354	6.568866	42.0	31
'dc:71:44:72:3a:8a'	46.520354	6.568866	42.0	32
'dc:71:44:72:3a:8a'	46.520354	6.568866	42.0	33
'dc:71:44:72:3a:8a'	46.520354	6.568866	42.0	32
'dc:71:44:72:3a:8a'	46.520354	6.568866	42.0	33
'dc:71:44:72:3a:8a'	46.520354	6.568866	42.0	31
'dc:71:44:72:3a:8a'	46.520354	6.568866	42.0	30
'dc:71:44:72:3a:8a'	46.520354	6.568866	42.0	32
'dc:71:44:5e:c6:c9'	46.520354	6.568866	42.0	22
'dc:71:44:72:3a:8a'	46.520354	6.568866	42.0	31
'dc:71:44:72:3a:8a'	46.520354	6.568866	42.0	30
'dc:71:44:72:3a:8a'	46.520354	6.568866	42.0	32
'dc:71:44:72:3a:8a'	46.520354	6.568866	42.0	33
'dc:71:44:72:3a:8a'	46.520354	6.568866	42.0	32
'dc:71:44:72:3a:88'	46.520354	6.568866	42.0	30
'dc:71:44:72:3a:88'	46.520354	6.568866	42.0	32
'dc:71:44:72:3a:8a'	46.520354	6.568866	42.0	32
'dc:71:44:72:3a:8a'	46.520354	6.568866	42.0	32
'dc:71:44:72:3a:8a'	46.520354	6.568866	42.0	34
'dc:71:44:72:3a:8a'	46.520354	6.568866	42.0	30
'dc:71:44:72:3a:8a'	46.520354	6.568866	42.0	32
'dc:71:44:72:3a:8a'	46.520354	6.568866	42.0	32
'dc:71:44:72:3a:8a'	46.520354	6.568866	42.0	32
'dc:71:44:72:3a:8a'	46.520354	6.568866	42.0	31
'dc:71:44:72:3a:8a'	46.520354	6.568866	42.0	32
'dc:71:44:72:3a:8a'	46.520354	6.568866	42.0	32
'dc:71:44:72:3a:8a'	46.520354	6.568866	42.0	31
'dc:71:44:72:3a:8a'	46.520354	6.568866	42.0	32
'dc:71:44:72:3a:8a'	46.520354	6.568866	42.0	31
'dc:71:44:72:3a:8a'	46.520354	6.568866	42.0	32
'dc:71:44:72:3a:8a'	46.520354	6.568866	42.0	32
'dc:71:44:72:3a:8a'	46.520354	6.568866	42.0	34
'dc:71:44:72:3a:8a'	46.520354	6.568866	42.0	34
'dc:71:44:72:3a:8a'	46.520354	6.568866	42.0	34
'dc:71:44:72:3a:8a'	46.520354	6.568866	42.0	30
'dc:71:44:72:3a:8a'	46.520354	6.568866	42.0	34
